ax;ay;az;temp;dax;day;daz;iax;iay;iaz;norm
-0.40;0.50;0.86;181333;0.00;0.00;0.00;-0.04;0.05;0.09;1.15
-0.41;0.50;0.86;181333;-0.10;0.03;0.00;-0.08;0.10;0.17;1.16
-0.41;0.50;0.86;181333;0.02;0.00;-0.03;-0.12;0.15;0.26;1.16
-0.40;0.50;0.86;181333;0.08;0.02;-0.01;-0.16;0.20;0.34;1.15
-0.40;0.50;0.86;181333;0.01;-0.01;0.01;-0.20;0.25;0.43;1.15
-0.41;0.50;0.86;181333;-0.07;-0.01;0.01;-0.24;0.30;0.52;1.16
-0.41;0.50;0.86;181333;0.00;-0.03;-0.03;-0.28;0.35;0.60;1.15
-0.41;0.51;0.86;181333;0.01;0.10;0.02;-0.32;0.40;0.69;1.16
-0.41;0.50;0.86;181333;-0.01;-0.09;-0.01;-0.37;0.45;0.77;1.15
-0.41;0.51;0.86;181333;-0.01;0.08;0.05;-0.41;0.50;0.86;1.17
-0.41;0.50;0.86;181334;0.01;-0.04;0.00;-0.45;0.55;0.95;1.17
-0.41;0.50;0.86;181334;-0.02;0.00;-0.04;-0.49;0.60;1.03;1.16
-0.41;0.50;0.85;181334;-0.01;-0.04;-0.10;-0.53;0.65;1.12;1.14
-0.41;0.50;0.86;181334;0.01;0.00;0.06;-0.57;0.70;1.20;1.15
-0.41;0.51;0.86;181334;-0.04;0.16;0.09;-0.61;0.75;1.29;1.18
-0.40;0.51;0.85;181334;0.09;-0.06;-0.14;-0.65;0.80;1.38;1.14
-0.41;0.49;0.86;181334;-0.10;-0.16;0.09;-0.69;0.85;1.46;1.15
-0.41;0.50;0.85;181334;0.06;0.04;-0.04;-0.73;0.90;1.55;1.14
-0.41;0.51;0.86;181334;0.00;0.17;0.07;-0.77;0.95;1.63;1.17
-0.41;0.49;0.85;181334;-0.02;-0.19;-0.08;-0.82;1.00;1.72;1.14
-0.41;0.50;0.86;181335;-0.00;0.07;0.03;-0.86;1.05;1.80;1.16
-0.41;0.50;0.86;181335;0.03;-0.00;0.07;-0.90;1.10;1.89;1.16
-0.41;0.50;0.86;181335;-0.03;-0.06;-0.03;-0.94;1.15;1.98;1.15
-0.41;0.51;0.86;181335;0.02;0.13;-0.03;-0.98;1.20;2.06;1.16
-0.41;0.50;0.86;181335;-0.02;-0.03;-0.01;-1.02;1.25;2.15;1.16
-0.41;0.50;0.86;181335;0.02;-0.02;0.07;-1.06;1.30;2.23;1.17
-0.40;0.50;0.86;181335;0.04;0.02;-0.06;-1.10;1.36;2.32;1.15
-0.40;0.51;0.86;181335;0.01;0.07;-0.00;-1.14;1.41;2.41;1.16
-0.41;0.50;0.86;181335;-0.10;-0.13;-0.00;-1.18;1.46;2.49;1.15
-0.41;0.50;0.86;181335;0.07;0.05;0.05;-1.22;1.51;2.58;1.16
-0.41;0.51;0.86;181336;0.00;0.04;-0.02;-1.26;1.56;2.66;1.16
-0.41;0.50;0.86;181336;-0.01;-0.05;-0.03;-1.30;1.61;2.75;1.15
-0.41;0.51;0.85;181336;-0.00;0.08;-0.04;-1.34;1.66;2.84;1.16
-0.41;0.50;0.86;181336;0.01;-0.07;0.02;-1.39;1.71;2.92;1.15
-0.41;0.50;0.85;181336;-0.01;-0.00;-0.04;-1.43;1.76;3.01;1.14
-0.41;0.51;0.86;181336;-0.03;0.09;0.09;-1.47;1.81;3.09;1.17
-0.40;0.50;0.85;181336;0.06;-0.10;-0.10;-1.51;1.86;3.18;1.14
-0.41;0.51;0.86;181336;-0.04;0.12;0.12;-1.55;1.91;3.26;1.18
-0.41;0.51;0.85;181336;0.01;-0.09;-0.11;-1.59;1.96;3.35;1.15
-0.41;0.52;0.86;181336;-0.02;0.13;0.13;-1.63;2.02;3.43;1.18
-0.41;0.50;0.84;181337;0.03;-0.21;-0.27;-1.67;2.07;3.52;1.11
-0.41;0.52;0.87;181337;0.00;0.27;0.28;-1.71;2.12;3.61;1.19
-0.40;0.50;0.86;181337;0.01;-0.23;-0.09;-1.75;2.17;3.69;1.15
-0.41;0.50;0.86;181337;-0.07;0.03;0.00;-1.79;2.22;3.78;1.16
-0.41;0.51;0.85;181337;0.02;0.04;-0.04;-1.83;2.27;3.86;1.16
-0.42;0.49;0.86;181337;-0.12;-0.19;0.05;-1.88;2.32;3.95;1.16
-0.42;0.50;0.85;181337;0.01;0.11;-0.11;-1.92;2.37;4.03;1.15
-0.41;0.47;0.86;181337;0.06;-0.33;0.13;-1.96;2.42;4.12;1.13
-0.43;0.50;0.85;181337;-0.14;0.30;-0.12;-2.00;2.47;4.20;1.15
-0.42;0.49;0.86;181337;0.08;-0.08;0.10;-2.04;2.51;4.29;1.15
-0.42;0.49;0.86;181338;0.03;0.05;-0.02;-2.09;2.56;4.38;1.15
-0.42;0.51;0.85;181338;0.01;0.12;-0.02;-2.13;2.61;4.46;1.16
-0.42;0.49;0.86;181338;-0.02;-0.14;0.03;-2.17;2.66;4.55;1.15
-0.41;0.50;0.86;181338;0.07;0.09;-0.01;-2.21;2.71;4.63;1.15
-0.42;0.51;0.86;181338;-0.06;0.07;0.03;-2.25;2.76;4.72;1.17
-0.41;0.50;0.85;181338;0.04;-0.12;-0.06;-2.29;2.81;4.80;1.15
-0.41;0.50;0.86;181338;-0.02;0.02;0.05;-2.33;2.86;4.89;1.16
-0.41;0.50;0.86;181338;0.03;0.04;-0.02;-2.38;2.91;4.97;1.16
-0.42;0.50;0.86;181338;-0.06;-0.04;0.00;-2.42;2.96;5.06;1.16
-0.41;0.50;0.85;181338;0.03;-0.00;-0.06;-2.46;3.01;5.15;1.14
-0.41;0.50;0.86;181339;-0.00;0.01;0.07;-2.50;3.06;5.23;1.16
-0.41;0.50;0.85;181339;0.00;0.02;-0.06;-2.54;3.11;5.32;1.15
-0.42;0.50;0.86;181339;-0.00;0.03;0.10;-2.58;3.16;5.40;1.17
-0.42;0.50;0.85;181339;0.00;-0.07;-0.10;-2.62;3.21;5.49;1.14
-0.42;0.51;0.84;181339;-0.01;0.10;-0.07;-2.67;3.27;5.57;1.14
-0.41;0.50;0.86;181339;0.01;-0.06;0.15;-2.71;3.32;5.66;1.16
-0.42;0.50;0.86;181339;-0.05;-0.02;-0.01;-2.75;3.37;5.74;1.16
-0.42;0.50;0.86;181339;0.03;0.02;0.01;-2.79;3.42;5.83;1.16
-0.42;0.50;0.85;181339;-0.03;-0.04;-0.07;-2.83;3.47;5.91;1.15
-0.41;0.50;0.86;181339;0.05;0.00;0.07;-2.87;3.52;6.00;1.16
-0.41;0.50;0.85;181340;0.01;0.04;-0.03;-2.92;3.57;6.09;1.15
-0.42;0.50;0.85;181340;-0.07;0.02;-0.00;-2.96;3.62;6.17;1.16
-0.42;0.49;0.85;181340;-0.03;-0.12;-0.06;-3.00;3.67;6.26;1.14
-0.42;0.50;0.86;181340;0.00;0.06;0.12;-3.04;3.71;6.34;1.17
-0.42;0.50;0.85;181340;0.02;-0.02;-0.09;-3.08;3.76;6.43;1.15
-0.42;0.50;0.85;181340;0.03;0.01;-0.02;-3.13;3.81;6.51;1.14
-0.42;0.50;0.85;181340;-0.00;-0.02;-0.00;-3.17;3.86;6.60;1.14
-0.42;0.49;0.85;181340;-0.04;-0.04;-0.02;-3.21;3.91;6.68;1.14
-0.43;0.51;0.85;181340;-0.03;0.17;0.03;-3.25;3.96;6.77;1.16
-0.42;0.49;0.85;181340;0.09;-0.20;0.04;-3.29;4.01;6.85;1.14
-0.43;0.50;0.86;181341;-0.11;0.06;0.02;-3.34;4.06;6.94;1.16
-0.42;0.50;0.85;181341;0.05;0.00;-0.10;-3.38;4.11;7.02;1.14
-0.42;0.50;0.85;181341;0.04;0.00;0.00;-3.42;4.16;7.11;1.14
-0.43;0.50;0.85;181341;-0.08;0.03;0.00;-3.46;4.21;7.19;1.15
-0.43;0.50;0.85;181341;-0.02;0.03;0.07;-3.51;4.26;7.28;1.16
-0.43;0.50;0.85;181341;-0.00;-0.05;-0.01;-3.55;4.31;7.36;1.16
-0.43;0.50;0.85;181341;0.03;0.05;-0.02;-3.59;4.36;7.45;1.15
-0.39;0.50;0.85;181341;0.31;-0.07;-0.01;-3.63;4.41;7.53;1.12
-0.42;0.50;0.85;181341;-0.30;0.07;0.03;-3.67;4.46;7.62;1.16
-0.41;0.49;0.85;181341;0.17;-0.13;-0.00;-3.71;4.51;7.70;1.13
-0.43;0.50;0.85;181342;-0.24;0.07;-0.02;-3.76;4.56;7.79;1.15
-0.42;0.50;0.85;181342;0.08;0.03;0.01;-3.80;4.61;7.87;1.15
-0.42;0.50;0.85;181342;-0.00;0.05;0.01;-3.84;4.66;7.96;1.16
-0.42;0.50;0.85;181342;-0.01;-0.07;-0.05;-3.88;4.71;8.04;1.14
-0.43;0.50;0.84;181342;-0.06;-0.00;-0.03;-3.93;4.76;8.13;1.14
-0.42;0.50;0.84;181342;0.10;-0.01;0.02;-3.97;4.81;8.21;1.14
-0.42;0.50;0.85;181342;-0.00;0.09;0.04;-4.01;4.86;8.30;1.15
-0.43;0.50;0.85;181342;-0.09;-0.03;0.00;-4.06;4.91;8.38;1.16
-0.43;0.50;0.85;181342;-0.00;-0.04;-0.02;-4.10;4.96;8.46;1.15
-0.43;0.50;0.84;181342;0.00;-0.01;-0.03;-4.14;5.01;8.55;1.15
-0.43;0.50;0.85;181343;0.01;-0.00;0.04;-4.18;5.06;8.63;1.15
-0.43;0.50;0.84;181343;0.03;0.00;-0.05;-4.23;5.11;8.72;1.14
-0.43;0.49;0.85;181343;-0.04;-0.02;0.07;-4.27;5.16;8.80;1.15
-0.43;0.50;0.85;181343;0.02;0.08;0.00;-4.31;5.21;8.89;1.16
-0.43;0.49;0.85;181343;-0.01;-0.12;-0.03;-4.36;5.26;8.97;1.14
-0.43;0.50;0.84;181343;0.00;0.06;-0.04;-4.40;5.31;9.06;1.14
-0.43;0.50;0.84;181343;0.02;0.02;0.01;-4.44;5.36;9.14;1.15
-0.44;0.50;0.83;181343;-0.09;-0.02;-0.09;-4.49;5.41;9.23;1.14
-0.43;0.49;0.84;181343;0.04;-0.04;0.10;-4.53;5.46;9.31;1.14
-0.44;0.50;0.84;181343;-0.07;0.08;-0.02;-4.57;5.51;9.39;1.16
-0.44;0.50;0.85;181344;0.01;-0.03;0.05;-4.62;5.56;9.48;1.16
-0.42;0.49;0.84;181344;0.15;-0.03;-0.05;-4.66;5.60;9.56;1.13
-0.43;0.50;0.84;181344;-0.05;0.04;-0.02;-4.70;5.65;9.65;1.14
-0.43;0.49;0.85;181344;0.02;-0.09;0.07;-4.75;5.70;9.73;1.14
-0.43;0.50;0.85;181344;-0.06;0.06;0.00;-4.79;5.75;9.82;1.15
-0.43;0.49;0.84;181344;0.02;-0.02;-0.05;-4.83;5.80;9.90;1.14
-0.43;0.49;0.85;181344;-0.03;-0.03;0.07;-4.88;5.85;9.99;1.15
-0.44;0.49;0.85;181344;-0.02;-0.03;-0.02;-4.92;5.90;10.07;1.15
-0.44;0.49;0.84;181344;-0.01;0.03;-0.04;-4.96;5.95;10.15;1.14
-0.44;0.49;0.85;181344;-0.01;0.02;0.04;-5.01;6.00;10.24;1.15
-0.43;0.49;0.85;181345;0.06;0.03;-0.01;-5.05;6.05;10.32;1.15
-0.43;0.49;0.84;181345;0.06;-0.07;-0.03;-5.09;6.10;10.41;1.13
-0.46;0.50;0.84;181345;-0.35;0.12;-0.06;-5.14;6.15;10.49;1.16
-0.39;0.51;0.85;181345;0.76;0.15;0.18;-5.18;6.20;10.58;1.14
-0.41;0.37;0.86;181345;-0.24;-1.41;0.06;-5.22;6.23;10.66;1.05
-0.47;0.39;0.87;181345;-0.55;0.20;0.07;-5.27;6.27;10.75;1.12
-0.52;0.44;0.93;181345;-0.49;0.42;0.62;-5.32;6.32;10.84;1.32
-0.45;0.46;0.94;181345;0.68;0.20;0.06;-5.36;6.36;10.94;1.28
-0.44;0.43;0.86;181345;0.12;-0.29;-0.80;-5.41;6.41;11.02;1.10
-0.47;0.38;0.88;181345;-0.38;-0.43;0.27;-5.45;6.44;11.11;1.15
-0.37;0.35;1.02;181346;1.01;-0.27;1.38;-5.49;6.48;11.21;1.31
-0.28;0.37;0.87;181346;0.88;0.12;-1.47;-5.52;6.52;11.30;0.98
-0.56;0.31;0.98;181346;-2.75;-0.56;1.04;-5.58;6.55;11.40;1.37
-0.32;0.45;0.92;181346;2.38;1.42;-0.57;-5.61;6.59;11.49;1.16
-0.41;0.43;0.93;181346;-0.89;-0.18;0.12;-5.65;6.64;11.58;1.23
-0.38;0.41;0.93;181346;0.28;-0.22;-0.04;-5.69;6.68;11.68;1.18
-0.37;0.44;0.93;181346;0.09;0.29;0.01;-5.72;6.72;11.77;1.20
-0.38;0.43;0.93;181346;-0.09;-0.08;-0.03;-5.76;6.76;11.86;1.19
-0.38;0.42;0.92;181346;-0.02;-0.10;-0.03;-5.80;6.81;11.95;1.18
-0.38;0.44;0.93;181346;0.03;0.19;0.04;-5.84;6.85;12.05;1.20
-0.38;0.43;0.93;181347;0.05;-0.10;0.07;-5.88;6.89;12.14;1.20
-0.38;0.43;0.93;181347;-0.05;-0.01;-0.05;-5.91;6.94;12.23;1.19
-0.38;0.43;0.93;181347;-0.03;-0.01;-0.02;-5.95;6.98;12.33;1.19
-0.39;0.43;0.93;181347;-0.03;0.02;0.00;-5.99;7.02;12.42;1.19
-0.38;0.43;0.93;181347;0.03;-0.01;0.02;-6.03;7.07;12.51;1.19
-0.38;0.43;0.92;181347;0.04;0.05;-0.06;-6.07;7.11;12.60;1.19
-0.39;0.43;0.93;181347;-0.05;-0.01;0.03;-6.11;7.15;12.70;1.19
-0.38;0.43;0.92;181347;0.04;-0.01;-0.04;-6.14;7.20;12.79;1.18
-0.38;0.44;0.93;181347;0.01;0.06;0.02;-6.18;7.24;12.88;1.19
-0.38;0.44;0.92;181347;0.01;0.06;-0.00;-6.22;7.28;12.97;1.20
-0.38;0.44;0.93;181348;0.00;-0.05;0.01;-6.26;7.33;13.07;1.19
-0.38;0.44;0.92;181348;0.01;0.02;-0.05;-6.30;7.37;13.16;1.18
-0.38;0.44;0.92;181348;0.01;0.01;0.03;-6.33;7.42;13.25;1.19
-0.38;0.45;0.92;181348;0.00;0.06;0.00;-6.37;7.46;13.34;1.20
-0.38;0.45;0.92;181348;-0.02;-0.01;-0.05;-6.41;7.51;13.43;1.19
-0.38;0.45;0.93;181348;0.01;0.02;0.09;-6.45;7.55;13.53;1.21
-0.38;0.45;0.92;181348;-0.02;-0.02;-0.05;-6.49;7.59;13.62;1.20
-0.38;0.45;0.92;181348;0.04;0.01;-0.01;-6.52;7.64;13.71;1.19
-0.38;0.45;0.92;181348;-0.03;0.00;-0.01;-6.56;7.68;13.80;1.19
-0.38;0.45;0.92;181348;-0.03;0.05;0.01;-6.60;7.73;13.90;1.20
-0.38;0.45;0.92;181349;0.04;-0.01;-0.06;-6.64;7.77;13.99;1.19
-0.38;0.44;0.92;181349;0.00;-0.09;0.07;-6.68;7.82;14.08;1.19
-0.38;0.45;0.92;181349;-0.03;0.05;-0.04;-6.71;7.86;14.17;1.19
-0.38;0.44;0.92;181349;0.03;-0.05;0.00;-6.75;7.91;14.26;1.18
-0.38;0.45;0.91;181349;-0.03;0.04;-0.05;-6.79;7.95;14.36;1.18
-0.39;0.45;0.92;181349;-0.05;0.02;0.10;-6.83;8.00;14.45;1.20
-0.38;0.44;0.92;181349;0.04;-0.02;-0.04;-6.87;8.04;14.54;1.19
-0.38;0.45;0.92;181349;-0.00;0.00;-0.04;-6.91;8.09;14.63;1.18
-0.38;0.44;0.92;181349;0.01;-0.02;0.04;-6.94;8.13;14.72;1.19
-0.38;0.44;0.92;181349;0.05;0.01;-0.02;-6.98;8.17;14.81;1.18
-0.38;0.44;0.92;181350;0.00;-0.01;0.02;-7.02;8.22;14.91;1.18
-0.38;0.45;0.92;181350;-0.05;0.02;-0.02;-7.06;8.26;15.00;1.19
-0.38;0.45;0.92;181350;0.02;0.03;-0.02;-7.10;8.31;15.09;1.18
-0.38;0.45;0.91;181350;-0.01;0.01;-0.01;-7.13;8.35;15.18;1.18
-0.38;0.45;0.92;181350;0.04;-0.03;0.04;-7.17;8.40;15.27;1.18
-0.38;0.45;0.92;181350;-0.04;0.00;0.01;-7.21;8.44;15.36;1.19
-0.38;0.45;0.91;181350;-0.02;0.00;-0.05;-7.25;8.49;15.46;1.18
-0.38;0.45;0.91;181350;0.01;-0.00;-0.01;-7.29;8.53;15.55;1.18
-0.39;0.45;0.92;181350;-0.04;0.07;0.07;-7.32;8.58;15.64;1.20
-0.38;0.45;0.92;181350;0.02;-0.01;-0.03;-7.36;8.62;15.73;1.19
-0.38;0.45;0.92;181351;0.02;-0.02;0.03;-7.40;8.67;15.82;1.19
-0.38;0.45;0.92;181351;0.01;-0.04;-0.00;-7.44;8.71;15.91;1.19
-0.38;0.44;0.91;181351;0.01;-0.01;-0.08;-7.48;8.76;16.01;1.17
-0.38;0.45;0.92;181351;0.00;0.02;0.05;-7.51;8.80;16.10;1.18
-0.38;0.45;0.91;181351;-0.00;0.04;-0.06;-7.55;8.85;16.19;1.18
-0.38;0.45;0.92;181351;-0.01;-0.00;0.05;-7.59;8.89;16.28;1.19
-0.38;0.45;0.91;181351;-0.01;0.02;-0.01;-7.63;8.94;16.37;1.19
-0.38;0.45;0.92;181351;0.02;-0.03;0.03;-7.67;8.98;16.46;1.19
-0.38;0.45;0.92;181351;0.00;0.00;0.01;-7.70;9.03;16.56;1.19
-0.38;0.45;0.92;181351;-0.01;0.00;-0.03;-7.74;9.07;16.65;1.18
-0.38;0.45;0.92;181352;-0.02;0.01;0.01;-7.78;9.11;16.74;1.19
-0.38;0.45;0.92;181352;0.02;0.01;-0.01;-7.82;9.16;16.83;1.18
-0.38;0.45;0.92;181352;0.00;-0.00;0.00;-7.86;9.20;16.92;1.18
-0.38;0.45;0.92;181352;0.03;0.02;0.05;-7.89;9.25;17.01;1.19
-0.38;0.45;0.92;181352;-0.00;-0.02;-0.03;-7.93;9.29;17.11;1.19
-0.38;0.45;0.92;181352;-0.04;0.01;-0.01;-7.97;9.34;17.20;1.19
-0.38;0.45;0.92;181352;-0.01;0.04;0.00;-8.01;9.39;17.29;1.19
-0.38;0.45;0.91;181352;-0.02;-0.04;-0.02;-8.05;9.43;17.38;1.19
-0.38;0.46;0.91;181352;0.04;0.05;-0.03;-8.09;9.48;17.47;1.18
-0.38;0.45;0.92;181352;-0.01;-0.06;0.10;-8.12;9.52;17.56;1.20
-0.38;0.45;0.91;181353;-0.00;0.00;-0.13;-8.16;9.57;17.65;1.17
-0.35;0.53;0.88;181455;0.00;0.00;0.00;-0.04;0.05;0.09;1.18
-0.34;0.53;0.89;181455;0.09;0.01;0.06;-0.07;0.11;0.18;1.19
-0.35;0.54;0.88;181455;-0.03;0.06;-0.00;-0.10;0.16;0.26;1.19
-0.35;0.53;0.88;181455;-0.01;-0.10;-0.06;-0.14;0.21;0.35;1.17
-0.35;0.54;0.88;181455;0.02;0.06;0.01;-0.17;0.27;0.44;1.18
-0.35;0.54;0.88;181455;-0.03;0.01;0.02;-0.21;0.32;0.53;1.19
-0.35;0.53;0.88;181455;-0.02;-0.06;0.00;-0.24;0.37;0.62;1.18
-0.35;0.54;0.89;181455;0.02;0.05;0.05;-0.28;0.43;0.71;1.20
-0.35;0.53;0.88;181456;0.00;-0.03;-0.03;-0.31;0.48;0.79;1.19
-0.35;0.53;0.89;181456;-0.02;-0.01;0.01;-0.35;0.53;0.88;1.19
-0.35;0.54;0.88;181456;0.04;0.05;-0.02;-0.38;0.59;0.97;1.19
-0.35;0.53;0.88;181456;-0.03;-0.03;0.01;-0.42;0.64;1.06;1.19
-0.35;0.53;0.88;181456;0.00;0.00;-0.03;-0.45;0.69;1.15;1.18
-0.35;0.53;0.88;181456;0.00;-0.01;-0.06;-0.49;0.75;1.24;1.17
-0.35;0.54;0.88;181456;-0.00;0.03;0.02;-0.52;0.80;1.32;1.18
-0.35;0.53;0.88;181456;0.01;-0.02;0.02;-0.56;0.85;1.41;1.18
-0.34;0.53;0.87;181456;0.04;-0.01;-0.06;-0.59;0.91;1.50;1.16
-0.35;0.54;0.88;181456;-0.05;0.05;0.02;-0.63;0.96;1.59;1.18
-0.35;0.54;0.89;181457;0.01;0.05;0.12;-0.66;1.02;1.67;1.20
-0.34;0.54;0.88;181457;0.03;-0.05;-0.05;-0.69;1.07;1.76;1.19
-0.35;0.54;0.88;181457;-0.04;-0.01;-0.04;-0.73;1.12;1.85;1.18
-0.35;0.54;0.88;181457;0.02;0.04;0.04;-0.76;1.18;1.94;1.19
-0.35;0.53;0.87;181457;0.01;-0.10;-0.08;-0.80;1.23;2.03;1.16
-0.35;0.53;0.88;181457;-0.01;0.05;0.04;-0.83;1.28;2.11;1.18
-0.35;0.53;0.88;181457;-0.02;0.00;0.01;-0.87;1.34;2.20;1.18
-0.35;0.54;0.88;181457;0.01;0.02;-0.01;-0.90;1.39;2.29;1.18
-0.35;0.54;0.88;181457;0.00;-0.00;0.06;-0.94;1.44;2.38;1.19
-0.35;0.54;0.88;181457;0.01;0.01;-0.04;-0.97;1.50;2.47;1.18
-0.35;0.54;0.88;181458;0.00;-0.02;-0.01;-1.01;1.55;2.55;1.18
-0.35;0.53;0.88;181458;-0.01;-0.02;0.00;-1.04;1.60;2.64;1.18
-0.35;0.53;0.88;181458;-0.00;0.01;-0.01;-1.08;1.66;2.73;1.18
-0.34;0.53;0.88;181458;0.03;-0.00;0.04;-1.11;1.71;2.82;1.18
-0.35;0.54;0.88;181458;-0.02;0.02;-0.06;-1.15;1.76;2.91;1.18
-0.35;0.54;0.88;181458;-0.01;0.01;0.03;-1.18;1.82;2.99;1.18
-0.35;0.53;0.88;181458;0.01;-0.03;-0.00;-1.21;1.87;3.08;1.18
-0.34;0.53;0.88;181458;0.02;-0.02;0.03;-1.25;1.92;3.17;1.18
-0.35;0.54;0.88;181458;-0.00;0.07;0.01;-1.28;1.98;3.26;1.19
-0.35;0.54;0.88;181458;-0.04;0.00;-0.03;-1.32;2.03;3.35;1.19
-0.35;0.53;0.88;181459;-0.03;-0.10;-0.00;-1.35;2.08;3.43;1.18
-0.35;0.54;0.89;181459;0.07;0.08;0.07;-1.39;2.14;3.52;1.19
-0.35;0.53;0.88;181459;-0.04;-0.02;-0.03;-1.42;2.19;3.61;1.19
-0.35;0.54;0.88;181459;-0.03;0.01;-0.05;-1.46;2.25;3.70;1.18
-0.34;0.53;0.88;181459;0.08;-0.01;0.05;-1.49;2.30;3.79;1.18
-0.35;0.54;0.89;181459;-0.00;0.05;0.04;-1.53;2.35;3.88;1.20
-0.35;0.53;0.88;181459;-0.03;-0.04;-0.09;-1.56;2.41;3.96;1.18
-0.35;0.54;0.88;181459;-0.00;0.01;0.00;-1.60;2.46;4.05;1.18
-0.35;0.54;0.88;181459;0.03;-0.00;0.05;-1.63;2.51;4.14;1.19
-0.34;0.53;0.88;181459;0.04;-0.04;0.01;-1.67;2.57;4.23;1.18
-0.35;0.53;0.88;18150;-0.06;-0.00;0.00;-1.70;2.62;4.32;1.19
-0.35;0.53;0.88;18150;-0.02;0.02;-0.02;-1.74;2.67;4.41;1.19
-0.35;0.53;0.88;18150;0.01;0.01;-0.06;-1.77;2.73;4.49;1.18
-0.35;0.54;0.88;18150;0.03;0.03;0.04;-1.81;2.78;4.58;1.18
-0.35;0.54;0.88;18150;-0.01;0.02;-0.01;-1.84;2.83;4.67;1.18
-0.35;0.54;0.88;18150;0.00;-0.04;0.00;-1.88;2.89;4.76;1.18
-0.35;0.54;0.88;18150;0.01;0.00;0.04;-1.91;2.94;4.85;1.19
-0.35;0.54;0.88;18150;-0.06;0.01;-0.08;-1.94;3.00;4.93;1.18
-0.35;0.53;0.88;18150;0.06;-0.04;0.01;-1.98;3.05;5.02;1.17
-0.35;0.53;0.88;18150;-0.02;0.01;0.06;-2.01;3.10;5.11;1.19
-0.35;0.54;0.88;18151;-0.00;0.01;-0.07;-2.05;3.16;5.20;1.18
-0.35;0.54;0.87;18151;-0.01;0.02;-0.01;-2.08;3.21;5.28;1.18
-0.34;0.53;0.88;18151;0.05;-0.04;0.02;-2.12;3.26;5.37;1.17
-0.35;0.53;0.87;18151;-0.02;-0.01;-0.04;-2.15;3.32;5.46;1.16
-0.34;0.53;0.88;18151;0.02;0.02;0.06;-2.19;3.37;5.55;1.18
-0.35;0.54;0.88;18151;-0.01;0.03;-0.02;-2.22;3.42;5.64;1.18
-0.34;0.54;0.88;18151;0.02;-0.01;0.05;-2.26;3.48;5.72;1.18
-0.35;0.54;0.88;18151;-0.04;-0.00;-0.04;-2.29;3.53;5.81;1.18
-0.35;0.54;0.89;18151;0.02;-0.00;0.11;-2.33;3.58;5.90;1.19
-0.35;0.54;0.89;18151;-0.04;0.02;-0.02;-2.36;3.64;5.99;1.20
-0.35;0.54;0.87;18152;0.02;-0.02;-0.12;-2.40;3.69;6.08;1.17
-0.35;0.54;0.88;18152;0.02;-0.00;0.04;-2.43;3.74;6.16;1.18
-0.35;0.54;0.88;18152;-0.04;0.02;0.03;-2.46;3.80;6.25;1.19
-0.35;0.54;0.89;18152;0.03;0.00;0.05;-2.50;3.85;6.34;1.19
-0.35;0.54;0.88;18152;-0.00;-0.02;-0.07;-2.53;3.91;6.43;1.18
-0.35;0.54;0.88;18152;-0.00;0.00;-0.00;-2.57;3.96;6.52;1.18
-0.35;0.53;0.88;18152;0.01;-0.04;0.03;-2.60;4.01;6.60;1.18
-0.34;0.54;0.88;18152;0.01;0.09;-0.04;-2.64;4.07;6.69;1.18
-0.35;0.54;0.88;18152;-0.02;-0.03;0.05;-2.67;4.12;6.78;1.19
-0.35;0.54;0.88;18152;-0.00;0.03;-0.05;-2.71;4.17;6.87;1.18
-0.35;0.53;0.88;18153;0.01;-0.06;0.03;-2.74;4.23;6.96;1.18
-0.35;0.54;0.88;18153;-0.02;0.03;-0.01;-2.78;4.28;7.04;1.18
-0.35;0.54;0.88;18153;0.02;0.01;-0.00;-2.81;4.34;7.13;1.18
-0.34;0.54;0.87;18153;0.04;-0.03;-0.04;-2.85;4.39;7.22;1.17
-0.34;0.54;0.88;18153;-0.02;0.02;0.09;-2.88;4.44;7.31;1.19
-0.35;0.54;0.88;18153;-0.03;-0.03;-0.07;-2.91;4.50;7.40;1.18
-0.34;0.54;0.88;18153;0.06;0.02;0.04;-2.95;4.55;7.48;1.18
-0.34;0.54;0.88;18153;-0.03;0.04;0.00;-2.98;4.60;7.57;1.19
-0.35;0.54;0.88;18153;-0.04;-0.04;-0.03;-3.02;4.66;7.66;1.18
-0.34;0.54;0.88;18153;0.09;0.02;0.06;-3.05;4.71;7.75;1.19
-0.34;0.54;0.87;18154;-0.04;-0.01;-0.08;-3.09;4.77;7.83;1.17
-0.35;0.54;0.88;18154;-0.01;-0.00;0.03;-3.12;4.82;7.92;1.18
-0.35;0.54;0.87;18154;-0.04;0.03;-0.04;-3.16;4.87;8.01;1.18
-0.34;0.54;0.87;18154;0.07;-0.04;0.01;-3.19;4.93;8.10;1.17
-0.34;0.54;0.87;18154;-0.00;0.01;0.00;-3.22;4.98;8.18;1.17
-0.35;0.54;0.88;18154;-0.03;0.02;0.01;-3.26;5.04;8.27;1.18
-0.35;0.54;0.88;18154;0.00;-0.03;0.07;-3.29;5.09;8.36;1.19
-0.35;0.54;0.88;18154;0.00;0.02;-0.03;-3.33;5.14;8.45;1.18
-0.35;0.54;0.88;18154;-0.03;-0.03;0.01;-3.36;5.20;8.54;1.18
-0.35;0.54;0.88;18154;-0.00;0.01;-0.02;-3.40;5.25;8.62;1.18
-0.35;0.54;0.88;18155;-0.02;0.04;0.04;-3.43;5.30;8.71;1.19
-0.34;0.53;0.88;18155;0.06;-0.07;-0.05;-3.47;5.36;8.80;1.17
-0.35;0.54;0.88;18155;-0.02;0.03;0.03;-3.50;5.41;8.89;1.18
-0.35;0.54;0.88;18155;0.00;0.00;0.02;-3.54;5.46;8.98;1.19
-0.35;0.54;0.88;18155;0.00;0.03;-0.04;-3.57;5.52;9.06;1.18
-0.35;0.54;0.88;18155;-0.00;-0.02;-0.01;-3.61;5.57;9.15;1.18
-0.35;0.54;0.87;18155;-0.01;-0.01;-0.07;-3.64;5.63;9.24;1.17
-0.34;0.54;0.88;18155;0.09;0.02;0.09;-3.67;5.68;9.33;1.18
-0.35;0.53;0.88;18155;-0.06;-0.05;0.05;-3.71;5.73;9.42;1.18
-0.35;0.54;0.87;18155;0.00;0.06;-0.11;-3.74;5.79;9.50;1.17
-0.35;0.54;0.88;18156;-0.01;0.02;0.08;-3.78;5.84;9.59;1.19
-0.35;0.54;0.88;18156;-0.02;-0.06;-0.02;-3.81;5.89;9.68;1.18
-0.35;0.53;0.88;18156;0.01;-0.02;0.00;-3.85;5.95;9.77;1.18
-0.35;0.53;0.88;18156;0.00;0.01;0.02;-3.88;6.00;9.85;1.18
-0.34;0.54;0.88;18156;0.02;0.03;-0.05;-3.92;6.06;9.94;1.18
-0.35;0.54;0.88;18156;-0.01;0.02;0.05;-3.95;6.11;10.03;1.19
-0.35;0.54;0.88;18156;-0.02;0.00;-0.02;-3.99;6.16;10.12;1.19
-0.35;0.54;0.88;18156;0.00;0.02;-0.02;-4.02;6.22;10.21;1.18
-0.35;0.54;0.88;18156;0.01;0.01;-0.01;-4.06;6.27;10.29;1.18
-0.35;0.54;0.88;18156;-0.01;-0.05;0.06;-4.09;6.33;10.38;1.19
-0.34;0.54;0.88;18157;0.03;0.01;-0.03;-4.12;6.38;10.47;1.18
-0.35;0.53;0.88;18157;-0.04;-0.06;0.02;-4.16;6.43;10.56;1.18
-0.34;0.54;0.88;18157;0.03;0.03;0.00;-4.19;6.49;10.65;1.18
-0.35;0.54;0.88;18157;-0.04;0.02;-0.02;-4.23;6.54;10.73;1.19
-0.35;0.54;0.88;18157;0.02;-0.00;0.04;-4.26;6.59;10.82;1.19
-0.35;0.54;0.88;18157;-0.03;-0.02;-0.04;-4.30;6.65;10.91;1.18
-0.35;0.54;0.88;18157;0.03;0.07;0.02;-4.33;6.70;11.00;1.19
-0.35;0.54;0.88;18157;-0.02;-0.05;0.00;-4.37;6.75;11.09;1.19
-0.35;0.54;0.88;18157;0.01;0.01;-0.07;-4.40;6.81;11.17;1.18
-0.35;0.53;0.88;18157;-0.01;-0.06;0.04;-4.44;6.86;11.26;1.18
-0.35;0.53;0.87;18158;-0.01;-0.02;-0.09;-4.47;6.92;11.35;1.16
-0.35;0.53;0.88;18158;0.02;0.02;0.11;-4.51;6.97;11.44;1.18
-0.34;0.53;0.88;18158;0.06;0.00;0.00;-4.54;7.02;11.53;1.18
-0.35;0.53;0.88;18158;-0.06;0.01;-0.02;-4.58;7.08;11.61;1.18
-0.35;0.54;0.87;18158;-0.02;0.03;-0.06;-4.61;7.13;11.70;1.18
-0.35;0.53;0.88;18158;0.04;-0.04;0.04;-4.65;7.18;11.79;1.17
-0.35;0.54;0.88;18158;-0.02;0.05;-0.01;-4.68;7.24;11.88;1.18
-0.35;0.53;0.88;18158;0.00;-0.05;0.02;-4.71;7.29;11.96;1.18
-0.35;0.53;0.89;18158;-0.02;-0.01;0.11;-4.75;7.34;12.05;1.20
-0.34;0.54;0.88;18158;0.05;0.05;-0.07;-4.78;7.40;12.14;1.19
-0.35;0.54;0.87;18159;-0.02;-0.02;-0.08;-4.82;7.45;12.23;1.17
-0.35;0.54;0.88;18159;0.00;0.01;0.03;-4.85;7.50;12.32;1.18
-0.35;0.54;0.89;18159;0.00;0.02;0.09;-4.89;7.56;12.41;1.20
-0.35;0.54;0.88;18159;0.00;-0.01;-0.08;-4.92;7.61;12.49;1.18
-0.35;0.54;0.88;18159;-0.00;0.00;-0.01;-4.96;7.66;12.58;1.18
-0.35;0.54;0.88;18159;0.01;0.03;-0.02;-4.99;7.72;12.67;1.18
-0.34;0.54;0.88;18159;0.01;-0.05;0.00;-5.03;7.77;12.76;1.17
-0.34;0.54;0.88;18159;0.00;0.04;0.05;-5.06;7.83;12.84;1.19
-0.34;0.54;0.88;18159;0.00;-0.00;0.00;-5.10;7.88;12.93;1.19
-0.35;0.53;0.88;18159;-0.03;-0.04;-0.01;-5.13;7.93;13.02;1.18
-0.35;0.53;0.88;181510;-0.00;-0.00;0.00;-5.17;7.99;13.11;1.18
-0.35;0.54;0.88;181510;0.02;0.06;-0.01;-5.20;8.04;13.20;1.18
-0.34;0.53;0.87;181510;0.04;-0.05;-0.10;-5.23;8.09;13.28;1.16
-0.35;0.54;0.89;181510;-0.08;0.06;0.16;-5.27;8.15;13.37;1.20
-0.35;0.54;0.88;181510;0.02;-0.04;-0.10;-5.30;8.20;13.46;1.17
-0.36;0.54;0.90;181510;-0.11;0.01;0.20;-5.34;8.26;13.55;1.22
-0.36;0.52;0.87;181510;-0.02;-0.13;-0.21;-5.38;8.31;13.64;1.17
-0.34;0.54;0.89;181510;0.16;0.16;0.14;-5.41;8.36;13.73;1.20
-0.35;0.53;0.88;181510;-0.09;-0.11;-0.12;-5.44;8.42;13.81;1.17
-0.34;0.54;0.88;181510;0.09;0.11;0.07;-5.48;8.47;13.90;1.19
-0.35;0.53;0.87;181511;-0.09;-0.08;-0.19;-5.51;8.52;13.99;1.16
-0.35;0.55;0.88;181511;0.05;0.15;0.20;-5.55;8.58;14.08;1.20
-0.35;0.54;0.87;181511;-0.02;-0.08;-0.12;-5.58;8.63;14.16;1.17
-0.35;0.53;0.88;181511;0.01;-0.05;0.08;-5.62;8.68;14.25;1.18
-0.35;0.54;0.87;181511;0.02;0.10;-0.11;-5.65;8.74;14.34;1.17
-0.35;0.53;0.88;181511;-0.05;-0.13;0.10;-5.69;8.79;14.43;1.18
-0.35;0.54;0.87;181511;0.05;0.05;-0.06;-5.72;8.85;14.51;1.17
-0.34;0.54;0.88;181511;0.02;0.00;0.04;-5.76;8.90;14.60;1.18
-0.34;0.53;0.87;181511;0.06;-0.03;-0.11;-5.79;8.95;14.69;1.15
-0.33;0.54;0.88;181511;0.04;0.10;0.15;-5.83;9.01;14.78;1.18
-0.35;0.53;0.87;181512;-0.15;-0.16;-0.07;-5.86;9.06;14.86;1.17
-0.35;0.54;0.87;181512;0.01;0.11;-0.02;-5.90;9.11;14.95;1.17
-0.34;0.55;0.88;181512;0.06;0.09;0.05;-5.93;9.17;15.04;1.19
-0.35;0.54;0.88;181512;-0.05;-0.09;0.00;-5.96;9.22;15.13;1.18
-0.35;0.53;0.87;181512;-0.00;-0.07;-0.06;-6.00;9.28;15.21;1.16
-0.34;0.54;0.88;181512;0.03;0.11;0.09;-6.03;9.33;15.30;1.19
-0.35;0.54;0.88;181512;-0.05;0.00;-0.05;-6.07;9.38;15.39;1.18
-0.34;0.53;0.87;181512;0.05;-0.08;-0.04;-6.10;9.44;15.48;1.16
-0.35;0.54;0.88;181512;-0.02;0.06;0.13;-6.14;9.49;15.56;1.19
-0.35;0.52;0.85;181512;-0.08;-0.20;-0.30;-6.17;9.54;15.65;1.13
-0.34;0.56;0.88;181513;0.15;0.40;0.29;-6.21;9.60;15.74;1.21
-0.36;0.52;0.87;181513;-0.17;-0.39;-0.13;-6.24;9.65;15.83;1.16
-0.35;0.54;0.87;181513;0.08;0.18;0.03;-6.28;9.71;15.91;1.18
-0.34;0.56;0.88;181513;0.08;0.18;0.06;-6.31;9.76;16.00;1.20
-0.35;0.52;0.87;181513;-0.10;-0.34;-0.10;-6.35;9.81;16.09;1.16
-0.34;0.55;0.88;181513;0.11;0.25;0.09;-6.38;9.87;16.18;1.19
-0.35;0.55;0.88;181513;-0.06;-0.02;-0.02;-6.41;9.92;16.26;1.19
-0.35;0.53;0.88;181513;-0.04;-0.17;-0.00;-6.45;9.98;16.35;1.17
-0.35;0.54;0.87;181513;0.04;0.10;-0.04;-6.48;10.03;16.44;1.17
-0.34;0.55;0.88;181513;0.05;0.09;0.05;-6.52;10.09;16.53;1.19
-0.35;0.53;0.89;181514;-0.08;-0.18;0.10;-6.55;10.14;16.62;1.19
-0.35;0.52;0.87;181514;-0.05;-0.10;-0.16;-6.59;10.19;16.70;1.16
-0.34;0.56;0.88;181514;0.14;0.39;0.02;-6.62;10.25;16.79;1.20
-0.35;0.54;0.89;181514;-0.05;-0.15;0.11;-6.66;10.30;16.88;1.20
-0.34;0.52;0.86;181514;0.00;-0.23;-0.24;-6.69;10.35;16.97;1.13
-0.34;0.56;0.88;181514;0.05;0.35;0.16;-6.72;10.41;17.05;1.19
-0.35;0.53;0.87;181514;-0.11;-0.24;-0.05;-6.76;10.46;17.14;1.17
-0.34;0.54;0.87;181514;0.05;0.10;-0.01;-6.79;10.52;17.23;1.17
-0.34;0.55;0.89;181514;0.07;0.12;0.18;-6.83;10.57;17.32;1.21
-0.35;0.51;0.87;181514;-0.13;-0.40;-0.16;-6.86;10.62;17.40;1.15
-0.34;0.55;0.88;181515;0.09;0.39;0.11;-6.90;10.68;17.49;1.20
-0.35;0.55;0.88;181515;-0.03;-0.06;-0.01;-6.93;10.73;17.58;1.20
-0.35;0.52;0.87;181515;-0.08;-0.26;-0.10;-6.97;10.79;17.67;1.16
