ax;ay;az;temp;dax;day;daz;iax;iay;iaz;norm
-0.78;-0.54;0.52;224759;0.00;0.00;0.00;-0.08;-0.05;0.05;1.16
-0.85;-0.15;0.34;224759;-0.69;3.88;-1.77;-0.16;-0.07;0.09;0.86
-0.83;0.08;0.27;224759;0.19;2.26;-0.75;-0.25;-0.06;0.11;0.76
-0.79;0.14;0.26;224759;0.43;0.65;-0.04;-0.32;-0.05;0.14;0.71
-0.75;0.36;0.39;224759;0.34;2.18;1.28;-0.40;-0.01;0.18;0.85
-0.84;0.12;0.39;224759;-0.88;-2.34;-0.01;-0.48;0.00;0.22;0.87
-0.85;0.07;0.26;224759;-0.13;-0.50;-1.28;-0.57;0.01;0.24;0.80
-0.79;-0.08;0.32;224759;0.59;-1.55;0.59;-0.65;0.00;0.28;0.74
-0.79;-0.64;0.50;22480;0.00;-5.55;1.75;-0.73;-0.06;0.33;1.28
-0.73;-0.60;0.56;22480;0.66;0.38;0.63;-0.80;-0.12;0.38;1.20
-0.83;-0.21;0.34;22480;-1.04;3.88;-2.20;-0.88;-0.14;0.42;0.85
-0.83;0.02;0.29;22480;0.03;2.31;-0.49;-0.97;-0.14;0.44;0.77
-0.76;0.43;0.22;22480;0.73;4.13;-0.67;-1.04;-0.10;0.47;0.81
-0.77;0.24;0.45;22480;-0.15;-1.95;2.27;-1.12;-0.07;0.51;0.85
-0.78;0.30;0.35;22480;-0.13;0.56;-1.03;-1.20;-0.04;0.55;0.82
-0.82;0.00;0.34;22480;-0.38;-2.93;-0.09;-1.28;-0.04;0.58;0.79
-0.84;-0.09;0.31;22480;-0.15;-0.90;-0.29;-1.36;-0.05;0.61;0.80
-0.79;-0.50;0.46;22480;0.44;-4.07;1.49;-1.44;-0.10;0.66;1.08
-0.74;-0.69;0.56;22481;0.54;-1.93;1.03;-1.52;-0.17;0.71;1.33
-0.83;-0.39;0.40;22481;-0.96;3.03;-1.60;-1.60;-0.21;0.75;1.00
-0.82;-0.11;0.35;22481;0.10;2.74;-0.50;-1.68;-0.22;0.79;0.81
-0.82;0.13;0.29;22481;0.00;2.46;-0.65;-1.76;-0.21;0.82;0.78
-0.82;0.19;0.32;22481;-0.01;0.54;0.32;-1.85;-0.19;0.85;0.82
-0.73;0.37;0.36;22481;0.97;1.80;0.42;-1.92;-0.15;0.89;0.80
-0.84;0.10;0.37;22481;-1.15;-2.73;0.08;-2.00;-0.14;0.92;0.86
-0.85;-0.03;0.30;22481;-0.09;-1.23;-0.66;-2.09;-0.14;0.95;0.82
-0.79;-0.24;0.34;22481;0.62;-2.17;0.41;-2.17;-0.17;0.99;0.80
-0.74;-0.72;0.53;22481;0.50;-4.79;1.90;-2.24;-0.24;1.04;1.36
-0.76;-0.48;0.50;22482;-0.17;2.48;-0.33;-2.32;-0.29;1.09;1.05
-0.83;-0.15;0.37;22482;-0.77;3.23;-1.31;-2.40;-0.30;1.13;0.86
-0.84;-0.00;0.32;22482;-0.04;1.49;-0.46;-2.48;-0.30;1.16;0.81
-0.76;0.39;0.33;22482;0.74;3.97;0.03;-2.56;-0.26;1.19;0.85
-0.76;0.24;0.45;22482;0.04;-1.53;1.26;-2.64;-0.24;1.24;0.84
-0.78;0.32;0.30;22482;-0.21;0.76;-1.58;-2.71;-0.21;1.27;0.80
-0.83;-0.02;0.32;22482;-0.52;-3.37;0.29;-2.80;-0.21;1.30;0.80
-0.80;-0.16;0.32;22482;0.34;-1.38;-0.04;-2.88;-0.23;1.33;0.77
-0.78;-0.65;0.50;22482;0.15;-4.89;1.77;-2.96;-0.29;1.38;1.28
-0.74;-0.57;0.52;22482;0.40;0.79;0.18;-3.03;-0.35;1.43;1.14
-0.82;-0.22;0.34;22483;-0.73;3.50;-1.76;-3.11;-0.37;1.47;0.83
-0.84;-0.07;0.32;22483;-0.21;1.50;-0.16;-3.20;-0.38;1.50;0.81
-0.79;0.24;0.33;22483;0.44;3.11;0.02;-3.28;-0.35;1.53;0.80
-0.78;0.20;0.44;22483;0.18;-0.40;1.18;-3.35;-0.33;1.58;0.84
-0.75;0.36;0.30;22483;0.24;1.57;-1.47;-3.43;-0.30;1.61;0.78
-0.81;-0.04;0.35;22483;-0.60;-4.00;0.50;-3.51;-0.30;1.64;0.78
-0.82;-0.10;0.29;22483;-0.10;-0.61;-0.62;-3.59;-0.31;1.67;0.77
-0.80;-0.61;0.49;22483;0.25;-5.06;2.03;-3.67;-0.37;1.72;1.25
-0.71;-0.71;0.57;22483;0.90;-1.06;0.84;-3.74;-0.44;1.78;1.34
-0.83;-0.17;0.31;22483;-1.27;5.42;-2.61;-3.83;-0.46;1.81;0.82
-0.85;-0.02;0.31;22484;-0.11;1.51;-0.07;-3.91;-0.46;1.84;0.81
-0.82;0.24;0.31;22484;0.25;2.61;0.04;-3.99;-0.44;1.87;0.83
-0.77;0.23;0.42;22484;0.52;-0.07;1.10;-4.07;-0.42;1.91;0.82
-0.78;0.35;0.30;22484;-0.10;1.19;-1.22;-4.15;-0.38;1.94;0.82
-0.84;-0.06;0.33;22484;-0.61;-4.09;0.35;-4.23;-0.39;1.97;0.82
-0.81;-0.12;0.32;22484;0.27;-0.66;-0.16;-4.31;-0.40;2.01;0.78
-0.78;-0.56;0.47;22484;0.28;-4.32;1.56;-4.39;-0.45;2.05;1.15
-0.73;-0.57;0.52;22484;0.51;-0.11;0.49;-4.46;-0.51;2.10;1.13
-0.81;-0.21;0.36;22484;-0.81;3.60;-1.66;-4.55;-0.53;2.14;0.83
-0.83;-0.02;0.32;22484;-0.16;1.85;-0.35;-4.63;-0.53;2.17;0.79
-0.83;0.16;0.32;22485;-0.03;1.80;0.00;-4.71;-0.52;2.20;0.82
-0.78;0.21;0.40;22485;0.53;0.55;0.82;-4.79;-0.50;2.24;0.82
-0.76;0.38;0.28;22485;0.21;1.69;-1.21;-4.87;-0.46;2.27;0.80
-0.82;-0.07;0.36;22485;-0.60;-4.52;0.73;-4.95;-0.47;2.31;0.80
-0.83;-0.10;0.30;22485;-0.14;-0.34;-0.55;-5.03;-0.48;2.34;0.79
-0.80;-0.60;0.50;22485;0.30;-4.97;1.97;-5.11;-0.54;2.39;1.25
-0.74;-0.54;0.54;22485;0.64;0.63;0.43;-5.19;-0.59;2.44;1.13
-0.82;-0.24;0.39;22485;-0.82;2.94;-1.53;-5.27;-0.61;2.48;0.88
-0.84;-0.06;0.34;22485;-0.25;1.79;-0.43;-5.35;-0.62;2.52;0.84
-0.79;0.20;0.34;22485;0.59;2.62;-0.09;-5.43;-0.60;2.55;0.77
-0.79;0.12;0.39;22486;0.00;-0.75;0.59;-5.51;-0.59;2.59;0.79
-0.78;0.31;0.33;22486;0.07;1.83;-0.62;-5.59;-0.56;2.62;0.81
-0.85;-0.01;0.33;22486;-0.68;-3.14;-0.07;-5.67;-0.56;2.65;0.82
-0.81;-0.16;0.33;22486;0.41;-1.49;0.09;-5.75;-0.57;2.69;0.79
-0.78;-0.64;0.53;22486;0.22;-4.86;1.96;-5.83;-0.64;2.74;1.31
-0.80;-0.40;0.53;22486;-0.13;2.39;0.04;-5.91;-0.68;2.80;1.08
-0.83;-0.18;0.40;22486;-0.30;2.22;-1.37;-5.99;-0.70;2.83;0.87
-0.84;0.00;0.33;22486;-0.13;1.86;-0.70;-6.08;-0.70;2.87;0.81
-0.79;0.26;0.38;22486;0.48;2.60;0.55;-6.16;-0.67;2.91;0.84
-0.76;0.30;0.38;22486;0.34;0.37;-0.02;-6.23;-0.64;2.94;0.81
-0.84;0.09;0.36;22487;-0.81;-2.13;-0.17;-6.32;-0.63;2.98;0.84
-0.82;0.00;0.33;22487;0.17;-0.83;-0.31;-6.40;-0.63;3.01;0.79
-0.82;-0.09;0.32;22487;0.05;-0.93;-0.14;-6.48;-0.64;3.05;0.78
-0.79;-0.53;0.47;22487;0.28;-4.43;1.47;-6.56;-0.69;3.09;1.12
-0.76;-0.71;0.57;22487;0.33;-1.81;1.01;-6.63;-0.77;3.15;1.40
-0.80;-0.31;0.40;22487;-0.40;4.08;-1.67;-6.71;-0.80;3.19;0.89
-0.82;-0.00;0.33;22487;-0.28;3.02;-0.64;-6.80;-0.80;3.22;0.79
-0.81;0.16;0.38;22487;0.12;1.62;0.43;-6.88;-0.78;3.26;0.83
-0.78;0.17;0.45;22487;0.30;0.14;0.77;-6.96;-0.76;3.31;0.85
-0.79;0.19;0.35;22487;-0.11;0.18;-1.03;-7.03;-0.74;3.34;0.79
-0.84;-0.00;0.32;22488;-0.43;-1.91;-0.34;-7.12;-0.74;3.37;0.80
-0.81;-0.23;0.36;22488;0.27;-2.30;0.42;-7.20;-0.77;3.41;0.84
-0.77;-0.61;0.51;22488;0.44;-3.77;1.49;-7.28;-0.83;3.46;1.21
-0.77;-0.62;0.54;22488;-0.03;-0.11;0.31;-7.35;-0.89;3.51;1.27
-0.82;-0.26;0.39;22488;-0.52;3.58;-1.51;-7.43;-0.92;3.55;0.89
-0.81;0.05;0.29;22488;0.09;3.12;-0.94;-7.52;-0.91;3.58;0.75
-0.80;0.26;0.27;22488;0.10;2.08;-0.29;-7.60;-0.89;3.61;0.78
-0.76;0.30;0.44;22488;0.41;0.38;1.71;-7.67;-0.86;3.65;0.86
-0.80;0.28;0.32;22488;-0.39;-0.19;-1.19;-7.75;-0.83;3.68;0.82
-0.83;-0.10;0.38;22488;-0.31;-3.79;0.62;-7.83;-0.84;3.72;0.84
-0.80;-0.07;0.31;22489;0.34;0.32;-0.72;-7.91;-0.85;3.75;0.73
-0.80;-0.61;0.48;22489;-0.00;-5.42;1.75;-7.99;-0.91;3.80;1.24
-0.75;-0.64;0.56;22489;0.46;-0.30;0.81;-8.07;-0.97;3.86;1.29
-0.78;-0.17;0.36;22489;-0.32;4.73;-2.00;-8.15;-0.99;3.89;0.77
-0.84;-0.01;0.31;22489;-0.56;1.60;-0.56;-8.23;-0.99;3.92;0.80
-0.76;0.30;0.32;22489;0.80;3.08;0.08;-8.31;-0.96;3.96;0.77
-0.77;0.26;0.42;22489;-0.16;-0.41;1.08;-8.38;-0.93;4.00;0.85
-0.79;0.19;0.33;22489;-0.12;-0.65;-0.99;-8.46;-0.91;4.03;0.76
-0.82;-0.05;0.33;22489;-0.29;-2.49;0.00;-8.54;-0.92;4.06;0.78
-0.82;-0.14;0.31;22489;0.01;-0.87;-0.19;-8.63;-0.93;4.09;0.78
-0.79;-0.67;0.52;224810;0.26;-5.29;2.16;-8.71;-1.00;4.15;1.35
-0.78;-0.53;0.53;224810;0.13;1.36;0.07;-8.78;-1.05;4.20;1.17
-0.80;-0.18;0.39;224810;-0.21;3.51;-1.41;-8.86;-1.07;4.24;0.82
-0.82;0.05;0.30;224810;-0.20;2.29;-0.92;-8.94;-1.07;4.27;0.76
-0.76;0.26;0.36;224810;0.52;2.16;0.59;-9.02;-1.04;4.30;0.78
-0.75;0.28;0.41;224810;0.18;0.22;0.56;-9.10;-1.01;4.35;0.81
-0.80;0.28;0.31;224810;-0.49;-0.01;-0.99;-9.18;-0.98;4.38;0.81
-0.82;-0.06;0.36;224810;-0.26;-3.48;0.43;-9.26;-0.99;4.41;0.81
-0.82;-0.12;0.30;224810;0.06;-0.59;-0.59;-9.34;-1.00;4.44;0.77
-0.79;-0.67;0.51;224810;0.26;-5.43;2.13;-9.42;-1.07;4.49;1.33
-0.78;-0.51;0.54;224811;0.09;1.52;0.23;-9.50;-1.12;4.55;1.16
-0.79;-0.17;0.39;224811;-0.09;3.48;-1.49;-9.57;-1.14;4.59;0.80
-0.84;0.01;0.31;224811;-0.53;1.77;-0.76;-9.66;-1.14;4.62;0.81
-0.74;0.47;0.24;224811;1.05;4.54;-0.68;-9.73;-1.09;4.64;0.82
-0.77;0.28;0.41;224811;-0.29;-1.86;1.66;-9.81;-1.06;4.68;0.83
-0.82;0.11;0.36;224811;-0.56;-1.70;-0.43;-9.89;-1.05;4.72;0.82
-0.85;-0.05;0.29;224811;-0.25;-1.62;-0.74;-9.98;-1.06;4.75;0.80
-0.80;-0.17;0.36;224811;0.50;-1.16;0.72;-10.06;-1.07;4.78;0.79
-0.78;-0.65;0.52;224811;0.18;-4.78;1.60;-10.13;-1.14;4.84;1.30
-0.77;-0.52;0.51;224811;0.10;1.30;-0.16;-10.21;-1.19;4.89;1.11
-0.81;-0.20;0.36;224812;-0.41;3.18;-1.47;-10.29;-1.21;4.92;0.82
-0.82;0.04;0.29;224812;-0.07;2.41;-0.67;-10.37;-1.20;4.95;0.75
-0.77;0.26;0.31;224812;0.48;2.21;0.22;-10.45;-1.18;4.98;0.76
-0.78;0.24;0.41;224812;-0.11;-0.23;0.94;-10.53;-1.15;5.02;0.83
-0.80;0.20;0.33;224812;-0.21;-0.42;-0.83;-10.61;-1.13;5.06;0.79
-0.85;-0.05;0.30;224812;-0.50;-2.45;-0.23;-10.69;-1.14;5.09;0.82
-0.79;-0.28;0.36;224812;0.58;-2.31;0.62;-10.77;-1.17;5.12;0.84
-0.70;-0.86;0.58;224812;0.91;-5.86;2.16;-10.84;-1.25;5.18;1.58
-0.81;-0.39;0.46;224812;-1.12;4.78;-1.22;-10.92;-1.29;5.23;1.02
-0.81;-0.17;0.37;224812;0.02;2.17;-0.83;-11.01;-1.31;5.26;0.83
-0.80;0.11;0.29;224813;0.11;2.75;-0.88;-11.09;-1.30;5.29;0.74
-0.76;0.25;0.40;224813;0.40;1.42;1.09;-11.16;-1.27;5.33;0.80
-0.78;0.25;0.41;224813;-0.20;-0.03;0.10;-11.24;-1.25;5.37;0.83
-0.81;0.13;0.34;224813;-0.34;-1.10;-0.62;-11.32;-1.24;5.41;0.80
-0.83;-0.02;0.32;224813;-0.11;-1.60;-0.27;-11.40;-1.24;5.44;0.78
-0.80;-0.17;0.35;224813;0.30;-1.48;0.38;-11.48;-1.26;5.48;0.79
-0.79;-0.64;0.51;224813;0.08;-4.68;1.60;-11.56;-1.32;5.53;1.30
-0.76;-0.47;0.48;224813;0.28;1.69;-0.34;-11.64;-1.37;5.57;1.03
-0.80;-0.17;0.33;224813;-0.43;2.96;-1.51;-11.72;-1.38;5.61;0.78
-0.81;0.04;0.28;224813;-0.07;2.19;-0.52;-11.80;-1.38;5.64;0.73
-0.76;0.37;0.19;224814;0.47;3.27;-0.90;-11.88;-1.34;5.65;0.75
-0.75;0.34;0.37;224814;0.12;-0.34;1.84;-11.95;-1.31;5.69;0.81
-0.84;0.07;0.36;224814;-0.89;-2.64;-0.10;-12.03;-1.30;5.73;0.84
-0.82;0.05;0.30;224814;0.18;-0.27;-0.57;-12.12;-1.30;5.76;0.77
-0.81;-0.11;0.33;224814;0.13;-1.57;0.26;-12.20;-1.31;5.79;0.77
-0.79;-0.52;0.47;224814;0.17;-4.07;1.41;-12.28;-1.36;5.84;1.12
-0.73;-0.65;0.54;224814;0.61;-1.27;0.72;-12.35;-1.42;5.89;1.24
-0.83;-0.35;0.41;224814;-1.02;2.90;-1.30;-12.43;-1.46;5.93;0.99
-0.82;-0.05;0.33;224814;0.11;3.08;-0.78;-12.52;-1.46;5.97;0.79
-0.82;0.27;0.15;224814;0.00;3.21;-1.81;-12.60;-1.44;5.98;0.77
-0.76;0.12;0.42;224815;0.64;-1.56;2.63;-12.67;-1.43;6.02;0.76
-0.75;0.38;0.31;224815;0.04;2.63;-1.07;-12.75;-1.39;6.05;0.81
-0.84;-0.08;0.37;224815;-0.90;-4.61;0.62;-12.83;-1.40;6.09;0.86
-0.85;-0.12;0.30;224815;-0.04;-0.40;-0.69;-12.92;-1.41;6.12;0.82
-0.80;-0.57;0.49;224815;0.49;-4.47;1.93;-13.00;-1.46;6.17;1.20
-0.73;-0.66;0.55;224815;0.67;-0.98;0.61;-13.07;-1.53;6.22;1.28
-0.82;-0.32;0.39;224815;-0.92;3.49;-1.67;-13.15;-1.56;6.26;0.93
-0.84;-0.04;0.34;224815;-0.17;2.72;-0.45;-13.24;-1.57;6.30;0.82
-0.88;0.22;0.39;224815;-0.42;2.61;0.50;-13.33;-1.54;6.34;0.98
-0.77;0.16;0.41;224815;1.17;-0.59;0.19;-13.40;-1.53;6.38;0.78
-0.76;0.34;0.31;224816;0.02;1.80;-1.03;-13.48;-1.49;6.41;0.79
-0.83;-0.02;0.34;224816;-0.65;-3.56;0.30;-13.56;-1.50;6.44;0.80
-0.82;-0.17;0.33;224816;0.03;-1.55;-0.12;-13.64;-1.51;6.47;0.82
-0.79;-0.61;0.50;224816;0.39;-4.38;1.75;-13.72;-1.57;6.52;1.24
-0.73;-0.65;0.56;224816;0.52;-0.39;0.59;-13.80;-1.64;6.58;1.27
-0.81;-0.17;0.34;224816;-0.72;4.78;-2.15;-13.88;-1.66;6.61;0.80
-0.84;-0.07;0.36;224816;-0.37;1.01;0.13;-13.96;-1.66;6.65;0.84
-0.77;0.40;0.23;224816;0.76;4.70;-1.26;-14.04;-1.62;6.67;0.80
-0.78;0.24;0.45;224816;-0.10;-1.64;2.17;-14.12;-1.60;6.72;0.86
-0.81;0.15;0.32;224816;-0.28;-0.82;-1.23;-14.20;-1.58;6.75;0.78
-0.83;-0.10;0.36;224817;-0.24;-2.57;0.36;-14.28;-1.59;6.79;0.83
-0.80;-0.22;0.34;224817;0.28;-1.20;-0.16;-14.36;-1.62;6.82;0.81
-0.78;-0.65;0.52;224817;0.23;-4.25;1.75;-14.44;-1.68;6.87;1.30
-0.77;-0.61;0.54;224817;0.10;0.37;0.15;-14.51;-1.74;6.93;1.25
-0.83;-0.19;0.35;224817;-0.65;4.16;-1.90;-14.60;-1.76;6.96;0.85
-0.84;0.01;0.32;224817;-0.02;2.09;-0.23;-14.68;-1.76;6.99;0.80
-0.77;0.34;0.35;224817;0.64;3.24;0.32;-14.76;-1.73;7.03;0.83
-0.78;0.26;0.42;224817;-0.06;-0.76;0.61;-14.84;-1.70;7.07;0.84
-0.83;0.20;0.26;224817;-0.49;-0.66;-1.59;-14.92;-1.68;7.10;0.79
-0.84;-0.09;0.32;224817;-0.19;-2.88;0.62;-15.00;-1.69;7.13;0.82
-0.79;-0.34;0.40;224818;0.51;-2.48;0.81;-15.08;-1.72;7.17;0.90
-0.74;-0.79;0.57;224818;0.58;-4.54;1.76;-15.16;-1.80;7.23;1.50
-0.85;-0.43;0.47;224818;-1.12;3.67;-1.01;-15.24;-1.85;7.27;1.12
-0.79;-0.03;0.32;224818;0.53;3.92;-1.50;-15.32;-1.85;7.31;0.74
-0.82;0.25;0.14;224818;-0.26;2.87;-1.79;-15.40;-1.82;7.32;0.76
-0.78;0.14;0.38;224818;0.39;-1.15;2.37;-15.48;-1.81;7.36;0.78
-0.77;0.28;0.37;224818;0.10;1.37;-0.08;-15.56;-1.78;7.39;0.81
-0.82;0.02;0.34;224818;-0.48;-2.54;-0.32;-15.64;-1.78;7.43;0.79
-0.83;-0.07;0.32;224818;-0.08;-0.91;-0.23;-15.72;-1.79;7.46;0.79
-0.80;-0.51;0.45;224818;0.31;-4.42;1.36;-15.80;-1.84;7.51;1.10
-0.72;-0.70;0.59;224819;0.74;-1.88;1.38;-15.87;-1.91;7.57;1.36
-0.81;-0.22;0.37;224819;-0.87;4.79;-2.26;-15.95;-1.93;7.60;0.84
-0.83;-0.02;0.33;224819;-0.24;1.99;-0.34;-16.04;-1.93;7.64;0.81
-0.84;-0.05;0.30;224855;0.00;0.00;0.00;-0.08;-0.00;0.03;0.79
-0.83;-0.05;0.31;224855;0.08;-0.05;0.06;-0.17;-0.01;0.06;0.78
-0.81;-0.40;0.41;224855;0.16;-3.47;0.98;-0.25;-0.05;0.10;0.98
-0.80;-0.53;0.51;224855;0.17;-1.33;1.01;-0.33;-0.10;0.15;1.17
-0.85;-0.51;0.45;224855;-0.53;0.27;-0.54;-0.41;-0.15;0.20;1.18
-0.82;-0.06;0.32;224855;0.26;4.50;-1.38;-0.49;-0.16;0.23;0.78
-0.78;-0.15;0.42;224855;0.43;-0.94;1.04;-0.57;-0.17;0.27;0.80
-0.74;0.07;0.30;224855;0.34;2.18;-1.16;-0.65;-0.17;0.30;0.65
-0.76;0.49;0.28;224855;-0.19;4.18;-0.29;-0.72;-0.12;0.33;0.90
-0.87;-0.02;0.36;224856;-1.10;-5.07;0.86;-0.81;-0.12;0.37;0.89
-0.83;-0.07;0.27;224856;0.38;-0.46;-0.89;-0.89;-0.13;0.39;0.78
-0.83;-0.39;0.42;224856;0.05;-3.27;1.49;-0.98;-0.17;0.43;1.02
-0.79;-0.64;0.57;224856;0.45;-2.49;1.46;-1.06;-0.23;0.49;1.35
-0.84;-0.38;0.45;224856;-0.51;2.61;-1.14;-1.14;-0.27;0.54;1.05
-0.83;0.05;0.25;224856;0.05;4.31;-2.01;-1.22;-0.26;0.56;0.76
-0.82;0.52;0.14;224856;0.10;4.75;-1.15;-1.30;-0.21;0.58;0.97
-0.78;0.52;0.33;224856;0.42;-0.04;1.91;-1.38;-0.16;0.61;0.99
-0.82;0.31;0.29;224856;-0.40;-2.15;-0.38;-1.46;-0.13;0.64;0.85
-0.83;-0.02;0.31;224856;-0.07;-3.20;0.21;-1.55;-0.13;0.67;0.78
-0.83;0.01;0.27;224857;-0.02;0.22;-0.45;-1.63;-0.13;0.70;0.76
-0.80;-0.48;0.46;224857;0.26;-4.84;1.98;-1.71;-0.18;0.74;1.09
-0.81;-0.52;0.50;224857;-0.09;-0.46;0.35;-1.79;-0.23;0.79;1.18
-0.84;-0.47;0.44;224857;-0.32;0.53;-0.57;-1.87;-0.28;0.84;1.13
-0.83;-0.08;0.33;224857;0.12;3.87;-1.08;-1.96;-0.29;0.87;0.81
-0.84;0.44;-0.00;224857;-0.06;5.21;-3.37;-2.04;-0.24;0.87;0.89
-0.72;0.18;0.36;224857;1.15;-2.57;3.68;-2.11;-0.22;0.91;0.69
-0.74;0.49;0.24;224857;-0.22;3.09;-1.26;-2.19;-0.17;0.93;0.85
-0.85;0.01;0.35;224857;-1.03;-4.82;1.13;-2.27;-0.17;0.97;0.84
-0.86;-0.05;0.28;224857;-0.12;-0.62;-0.71;-2.36;-0.18;0.99;0.82
-0.81;-0.33;0.43;224858;0.46;-2.75;1.52;-2.44;-0.21;1.04;0.96
-0.77;-0.75;0.57;224858;0.48;-4.18;1.34;-2.52;-0.29;1.09;1.46
-0.80;-0.37;0.41;224858;-0.38;3.78;-1.58;-2.60;-0.32;1.13;0.95
-0.86;-0.08;0.29;224858;-0.57;2.87;-1.24;-2.68;-0.33;1.16;0.83
-0.90;0.35;0.31;224858;-0.42;4.30;0.27;-2.77;-0.30;1.19;1.03
-0.76;0.21;0.40;224858;1.46;-1.43;0.87;-2.85;-0.28;1.23;0.77
-0.76;0.42;0.26;224858;0.00;2.18;-1.36;-2.92;-0.23;1.26;0.82
-0.84;0.09;0.33;224858;-0.79;-3.33;0.70;-3.01;-0.22;1.29;0.82
-0.86;-0.06;0.29;224858;-0.28;-1.48;-0.40;-3.09;-0.23;1.32;0.84
-0.80;-0.30;0.42;224858;0.61;-2.45;1.27;-3.17;-0.26;1.37;0.91
-0.79;-0.63;0.52;224859;0.10;-3.29;1.00;-3.25;-0.32;1.42;1.30
-0.83;-0.41;0.44;224859;-0.43;2.20;-0.84;-3.34;-0.36;1.46;1.06
-0.84;-0.16;0.35;224859;-0.08;2.49;-0.91;-3.42;-0.38;1.50;0.86
-0.93;1.13;-0.03;224859;-0.88;12.96;-3.77;-3.51;-0.27;1.49;2.15
-0.73;0.07;0.54;224859;1.99;-10.60;5.70;-3.59;-0.26;1.55;0.83
-0.72;0.46;0.24;224859;0.16;3.87;-3.02;-3.66;-0.21;1.57;0.78
-0.83;0.06;0.32;224859;-1.18;-4.00;0.85;-3.74;-0.21;1.60;0.80
-0.85;-0.06;0.29;224859;-0.18;-1.21;-0.33;-3.83;-0.21;1.63;0.81
-0.80;-0.38;0.43;224859;0.48;-3.18;1.39;-3.91;-0.25;1.67;0.97
-0.77;-0.71;0.55;224859;0.31;-3.33;1.23;-3.99;-0.32;1.73;1.41
-0.83;-0.38;0.40;22490;-0.54;3.33;-1.53;-4.07;-0.36;1.77;0.99
-0.81;0.03;0.26;22490;0.21;4.10;-1.33;-4.15;-0.36;1.80;0.72
-0.75;0.23;0.36;22490;0.52;1.95;0.99;-4.23;-0.34;1.83;0.75
-0.72;0.02;0.54;22490;0.35;-2.02;1.77;-4.30;-0.33;1.89;0.81
-0.73;0.48;0.24;22490;-0.09;4.60;-2.99;-4.37;-0.28;1.91;0.82
-0.84;0.04;0.36;22490;-1.12;-4.47;1.22;-4.45;-0.28;1.95;0.84
-0.86;-0.01;0.27;22490;-0.22;-0.48;-0.89;-4.54;-0.28;1.97;0.82
-0.81;-0.24;0.37;22490;0.57;-2.30;1.01;-4.62;-0.31;2.01;0.85
-0.78;-0.63;0.53;22490;0.28;-3.87;1.59;-4.70;-0.37;2.06;1.29
-0.81;-0.53;0.46;22490;-0.26;0.98;-0.70;-4.78;-0.42;2.11;1.14
-0.85;-0.15;0.34;22491;-0.42;3.84;-1.25;-4.86;-0.44;2.14;0.85
-0.85;0.55;-0.10;22491;-0.02;6.99;-4.34;-4.95;-0.38;2.13;1.04
-0.74;0.07;0.48;22491;1.06;-4.86;5.81;-5.02;-0.37;2.18;0.79
-0.73;0.52;0.21;22491;0.13;4.54;-2.72;-5.10;-0.32;2.20;0.85
-0.86;0.02;0.35;22491;-1.32;-5.05;1.33;-5.18;-0.32;2.24;0.86
-0.87;-0.06;0.27;22491;-0.06;-0.75;-0.73;-5.27;-0.33;2.27;0.83
-0.81;-0.36;0.43;22491;0.55;-2.99;1.62;-5.35;-0.36;2.31;0.98
-0.79;-0.62;0.54;22491;0.27;-2.58;1.11;-5.43;-0.42;2.36;1.30
-0.81;-0.40;0.43;22491;-0.27;2.15;-1.18;-5.51;-0.46;2.41;1.01
-0.84;-0.13;0.33;22491;-0.23;2.76;-1.01;-5.59;-0.48;2.44;0.82
-0.81;0.12;0.40;22492;0.23;2.42;0.70;-5.68;-0.47;2.48;0.83
-0.79;-0.02;0.34;22492;0.25;-1.35;-0.57;-5.76;-0.47;2.51;0.74
-0.76;0.50;0.28;22492;0.32;5.20;-0.62;-5.83;-0.42;2.54;0.90
-0.88;0.06;0.35;22492;-1.24;-4.38;0.70;-5.92;-0.41;2.58;0.90
-0.85;0.01;0.26;22492;0.32;-0.49;-0.84;-6.00;-0.41;2.60;0.79
-0.81;-0.16;0.34;22492;0.36;-1.74;0.74;-6.08;-0.43;2.64;0.80
-0.81;-0.56;0.50;22492;0.02;-3.99;1.62;-6.17;-0.48;2.68;1.22
-0.81;-0.37;0.45;22492;0.01;1.87;-0.45;-6.25;-0.52;2.73;1.00
-0.82;-0.32;0.42;22492;-0.10;0.48;-0.29;-6.33;-0.55;2.77;0.96
-0.81;0.01;0.26;22492;0.06;3.34;-1.61;-6.41;-0.55;2.80;0.73
-0.76;0.53;0.21;22493;0.51;5.20;-0.51;-6.49;-0.50;2.82;0.91
-0.78;0.53;0.30;22493;-0.14;-0.01;0.89;-6.56;-0.44;2.85;0.97
-0.76;-0.02;0.33;22493;0.12;-5.49;0.26;-6.64;-0.45;2.88;0.69
-0.85;0.00;0.26;22493;-0.82;0.23;-0.65;-6.72;-0.45;2.91;0.78
-0.81;-0.12;0.33;22493;0.40;-1.21;0.67;-6.81;-0.46;2.94;0.77
-0.79;-0.61;0.51;22493;0.16;-4.88;1.76;-6.88;-0.52;2.99;1.25
-0.81;-0.40;0.48;22493;-0.18;2.05;-0.25;-6.96;-0.56;3.04;1.04
-0.81;-0.23;0.40;22493;-0.07;1.73;-0.76;-7.05;-0.58;3.08;0.88
-0.82;0.06;0.27;22493;-0.07;2.84;-1.38;-7.13;-0.58;3.11;0.75
-0.84;0.99;0.15;22493;-0.19;9.39;-1.21;-7.21;-0.48;3.12;1.72
-0.79;0.45;0.34;22494;0.53;-5.47;1.97;-7.29;-0.43;3.16;0.94
-0.82;0.25;0.32;22494;-0.31;-1.94;-0.27;-7.37;-0.41;3.19;0.83
-0.83;0.09;0.27;22494;-0.11;-1.60;-0.50;-7.46;-0.40;3.21;0.77
-0.84;-0.06;0.30;22494;-0.10;-1.54;0.32;-7.54;-0.40;3.24;0.80
-0.81;-0.45;0.41;22494;0.29;-3.88;1.09;-7.62;-0.45;3.29;1.02
-0.78;-0.57;0.54;22494;0.26;-1.22;1.28;-7.70;-0.50;3.34;1.23
-0.83;-0.44;0.42;22494;-0.41;1.36;-1.15;-7.78;-0.55;3.38;1.05
-0.84;-0.06;0.30;22494;-0.16;3.73;-1.19;-7.87;-0.55;3.41;0.80
-0.73;0.57;0.08;22494;1.10;6.33;-2.17;-7.94;-0.50;3.42;0.87
-0.82;0.37;0.42;22494;-0.84;-1.96;3.36;-8.02;-0.46;3.46;0.98
-0.77;0.30;0.32;22495;0.44;-0.74;-1.01;-8.10;-0.43;3.49;0.79
-0.81;0.09;0.28;22495;-0.42;-2.12;-0.39;-8.18;-0.42;3.52;0.75
-0.84;-0.06;0.30;22495;-0.29;-1.44;0.19;-8.26;-0.43;3.55;0.80
-0.80;-0.41;0.41;22495;0.43;-3.52;1.15;-8.34;-0.47;3.59;0.98
-0.80;-0.61;0.55;22495;0.01;-2.01;1.38;-8.42;-0.53;3.65;1.31
-0.82;-0.54;0.46;22495;-0.18;0.71;-0.97;-8.50;-0.58;3.69;1.16
-0.81;0.00;0.26;22495;0.04;5.39;-1.99;-8.59;-0.58;3.72;0.73
-0.86;-0.11;0.48;22495;-0.50;-1.14;2.22;-8.67;-0.59;3.77;0.98
-0.76;0.16;0.47;22495;1.04;2.71;-0.04;-8.75;-0.58;3.81;0.82
-0.72;0.48;0.23;22495;0.34;3.27;-2.40;-8.82;-0.53;3.84;0.81
-0.85;0.01;0.35;22496;-1.28;-4.79;1.18;-8.91;-0.53;3.87;0.85
-0.86;0.02;0.27;22496;-0.09;0.18;-0.87;-8.99;-0.53;3.90;0.81
-0.82;-0.34;0.40;22496;0.41;-3.60;1.38;-9.07;-0.56;3.94;0.95
-0.79;-0.57;0.53;22496;0.34;-2.32;1.30;-9.15;-0.62;3.99;1.23
-0.82;-0.35;0.39;22496;-0.31;2.18;-1.40;-9.23;-0.65;4.03;0.95
-0.81;-0.27;0.41;22496;0.03;0.82;0.11;-9.32;-0.68;4.07;0.90
-0.81;0.06;0.28;22496;0.07;3.25;-1.25;-9.40;-0.67;4.10;0.73
-0.83;0.33;0.13;22496;-0.26;2.76;-1.47;-9.48;-0.64;4.11;0.82
-0.77;0.53;0.24;22496;0.62;1.97;1.07;-9.56;-0.59;4.14;0.93
-0.87;0.09;0.29;22496;-0.95;-4.35;0.47;-9.64;-0.58;4.17;0.84
-0.83;-0.00;0.25;22497;0.41;-0.95;-0.42;-9.73;-0.58;4.19;0.74
-0.82;-0.16;0.32;22497;0.07;-1.60;0.72;-9.81;-0.60;4.22;0.80
-0.77;-0.65;0.51;22497;0.44;-4.92;1.93;-9.88;-0.66;4.28;1.29
-0.81;-0.43;0.46;22497;-0.38;2.19;-0.51;-9.97;-0.70;4.32;1.06
-0.81;-0.28;0.39;22497;-0.01;1.52;-0.66;-10.05;-0.73;4.36;0.90
-0.83;0.10;0.25;22497;-0.14;3.87;-1.39;-10.13;-0.72;4.39;0.76
-0.73;0.53;0.19;22497;0.96;4.23;-0.68;-10.20;-0.67;4.40;0.85
-0.77;0.43;0.29;22497;-0.40;-0.93;1.00;-10.28;-0.63;4.43;0.86
-0.82;0.17;0.28;22497;-0.45;-2.60;-0.07;-10.36;-0.61;4.46;0.77
-0.82;0.04;0.28;22497;-0.05;-1.39;0.04;-10.44;-0.60;4.49;0.75
-0.84;-0.09;0.29;22498;-0.15;-1.22;0.11;-10.53;-0.61;4.52;0.79
-0.79;-0.53;0.48;22498;0.43;-4.42;1.91;-10.61;-0.67;4.57;1.14
-0.81;-0.48;0.48;22498;-0.18;0.53;-0.01;-10.69;-0.71;4.62;1.12
-0.80;-0.39;0.41;22498;0.06;0.90;-0.76;-10.77;-0.75;4.66;0.96
-0.86;-0.05;0.28;22498;-0.52;3.36;-1.29;-10.85;-0.76;4.68;0.81
-0.80;-0.12;0.49;22498;0.58;-0.71;2.14;-10.93;-0.77;4.73;0.89
-0.75;0.09;0.52;22498;0.52;2.09;0.28;-11.01;-0.76;4.79;0.84
-0.76;0.37;0.25;22498;-0.15;2.81;-2.76;-11.08;-0.72;4.81;0.78
-0.83;-0.02;0.33;22498;-0.67;-3.89;0.83;-11.17;-0.72;4.84;0.79
-0.84;-0.19;0.33;22498;-0.11;-1.68;-0.02;-11.25;-0.74;4.88;0.84
-0.79;-0.50;0.47;22499;0.46;-3.12;1.47;-11.33;-0.79;4.92;1.10
-0.81;-0.43;0.50;22499;-0.16;0.67;0.22;-11.41;-0.84;4.97;1.08
-0.82;-0.42;0.45;22499;-0.09;0.11;-0.47;-11.49;-0.88;5.02;1.05
-0.83;0.02;0.28;22499;-0.08;4.42;-1.66;-11.57;-0.88;5.05;0.76
-0.76;0.50;0.12;22499;0.62;4.79;-1.61;-11.65;-0.83;5.06;0.85
-0.78;0.32;0.44;22499;-0.15;-1.84;3.16;-11.73;-0.79;5.10;0.90
-0.77;0.35;0.20;22499;0.03;0.29;-2.36;-11.81;-0.76;5.12;0.76
-0.82;-0.03;0.29;22499;-0.43;-3.78;0.91;-11.89;-0.76;5.15;0.76
-0.82;-0.21;0.34;22499;-0.02;-1.82;0.43;-11.97;-0.78;5.19;0.83
-0.77;-0.63;0.53;22499;0.53;-4.21;1.97;-12.05;-0.85;5.24;1.28
-0.83;-0.35;0.48;224910;-0.63;2.87;-0.49;-12.13;-0.88;5.29;1.05
-0.83;-0.15;0.37;224910;0.01;2.02;-1.12;-12.21;-0.90;5.32;0.85
-0.86;-0.02;0.26;224910;-0.31;1.29;-1.17;-12.30;-0.90;5.35;0.80
-0.73;0.24;0.27;224910;1.25;2.59;0.13;-12.37;-0.87;5.38;0.67
-0.74;0.40;0.35;224910;-0.07;1.56;0.82;-12.45;-0.83;5.41;0.83
-0.77;0.37;0.27;224910;-0.24;-0.31;-0.76;-12.52;-0.80;5.44;0.80
-0.84;0.00;0.30;224910;-0.71;-3.66;0.29;-12.61;-0.80;5.47;0.79
-0.83;-0.10;0.30;224910;0.11;-0.98;0.01;-12.69;-0.81;5.50;0.78
-0.81;-0.54;0.47;224910;0.13;-4.42;1.68;-12.77;-0.86;5.55;1.17
-0.81;-0.50;0.51;224910;0.07;0.43;0.37;-12.85;-0.91;5.60;1.15
-0.83;-0.38;0.44;224911;-0.25;1.16;-0.68;-12.93;-0.95;5.64;1.03
-0.81;0.09;0.26;224911;0.22;4.70;-1.77;-13.02;-0.94;5.67;0.73
-0.73;0.54;0.26;224911;0.83;4.49;-0.06;-13.09;-0.89;5.70;0.89
-0.77;0.46;0.28;224911;-0.48;-0.77;0.18;-13.17;-0.84;5.72;0.89
-0.85;0.10;0.32;224911;-0.73;-3.64;0.44;-13.25;-0.83;5.75;0.83
-0.84;-0.02;0.28;224911;0.07;-1.24;-0.38;-13.33;-0.83;5.78;0.79
-0.81;-0.24;0.35;224911;0.31;-2.20;0.71;-13.41;-0.86;5.82;0.84
-0.77;-0.62;0.52;224911;0.37;-3.74;1.64;-13.49;-0.92;5.87;1.25
-0.80;-0.29;0.42;224911;-0.28;3.29;-0.99;-13.57;-0.95;5.91;0.90
-0.84;-0.38;0.43;224911;-0.35;-0.87;0.16;-13.66;-0.98;5.96;1.03
-0.81;0.11;0.25;224912;0.21;4.91;-1.88;-13.74;-0.97;5.98;0.74
-0.77;0.42;0.24;224912;0.46;3.01;-0.05;-13.81;-0.93;6.00;0.82
-0.77;0.45;0.28;224912;-0.02;0.32;0.40;-13.89;-0.89;6.03;0.87
-0.83;0.10;0.32;224912;-0.61;-3.50;0.37;-13.97;-0.88;6.06;0.80
-0.83;-0.05;0.26;224912;0.00;-1.52;-0.55;-14.06;-0.88;6.09;0.76
-0.82;-0.26;0.33;224912;0.15;-2.08;0.66;-14.14;-0.91;6.12;0.84
-0.74;-0.68;0.55;224912;0.75;-4.18;2.18;-14.21;-0.98;6.18;1.31
-0.82;-0.46;0.45;224912;-0.81;2.18;-0.98;-14.30;-1.02;6.22;1.09
-0.83;-0.17;0.35;224912;-0.08;2.94;-1.04;-14.38;-1.04;6.26;0.84
-0.86;0.21;0.14;224912;-0.28;3.82;-2.04;-14.46;-1.02;6.27;0.80
-0.78;0.03;0.30;224913;0.74;-1.80;1.59;-14.54;-1.01;6.30;0.71
-0.77;0.52;0.25;224913;0.18;4.81;-0.47;-14.62;-0.96;6.33;0.92
-0.84;0.05;0.32;224913;-0.73;-4.66;0.67;-14.70;-0.96;6.36;0.81
-0.84;-0.13;0.28;224913;-0.01;-1.78;-0.39;-14.79;-0.97;6.39;0.80
-0.80;-0.48;0.45;224913;0.38;-3.51;1.64;-14.87;-1.02;6.43;1.07
-0.79;-0.56;0.55;224913;0.10;-0.84;1.04;-14.95;-1.08;6.49;1.25
-0.81;-0.40;0.44;224913;-0.15;1.65;-1.07;-15.03;-1.12;6.53;1.01
-0.82;0.05;0.26;224913;-0.14;4.50;-1.86;-15.11;-1.11;6.56;0.74
-0.85;0.21;0.28;224913;-0.32;1.59;0.25;-15.20;-1.09;6.58;0.85
-0.79;0.18;0.48;224913;0.66;-0.32;1.93;-15.27;-1.07;6.63;0.88
-0.76;0.26;0.22;224914;0.23;0.82;-2.51;-15.35;-1.05;6.65;0.70
-0.83;-0.05;0.28;224914;-0.65;-3.13;0.54;-15.43;-1.05;6.68;0.77
-0.85;-0.35;0.37;224914;-0.17;-2.94;0.98;-15.52;-1.09;6.72;0.98
-0.75;-0.71;0.55;224914;0.97;-3.64;1.80;-15.59;-1.16;6.78;1.38
-0.84;-0.49;0.46;224914;-0.90;2.21;-0.94;-15.68;-1.21;6.82;1.16
-0.83;-0.11;0.33;224914;0.12;3.85;-1.29;-15.76;-1.22;6.85;0.80
-0.85;0.09;0.26;224914;-0.25;1.93;-0.67;-15.84;-1.21;6.88;0.80
-0.81;0.25;0.34;224914;0.46;1.61;0.71;-15.93;-1.18;6.91;0.82
-0.76;0.39;0.30;224914;0.42;1.46;-0.33;-16.00;-1.14;6.95;0.83
-0.82;0.16;0.30;224914;-0.60;-2.32;-0.02;-16.08;-1.13;6.98;0.79
-0.85;-0.04;0.27;224915;-0.22;-2.03;-0.28;-16.17;-1.13;7.00;0.79
-0.81;-0.24;0.34;224915;0.36;-1.97;0.65;-16.25;-1.16;7.04;0.83
-0.82;-0.26;0.37;224947;0.00;0.00;0.00;-0.08;-0.03;0.04;0.89
-0.82;-0.38;0.45;224947;0.06;-1.16;0.75;-0.16;-0.06;0.08;1.01
-0.72;-0.79;0.61;224947;0.97;-4.10;1.57;-0.24;-0.14;0.14;1.51
-0.85;-0.41;0.41;224947;-1.32;3.75;-1.92;-0.32;-0.18;0.18;1.07
-0.83;-0.17;0.37;224947;0.21;2.45;-0.42;-0.40;-0.20;0.22;0.86
-0.91;0.28;0.26;224947;-0.82;4.45;-1.10;-0.50;-0.17;0.25;0.98
-0.73;0.05;0.44;224947;1.87;-2.25;1.75;-0.57;-0.17;0.29;0.72
-0.74;0.50;0.26;224947;-0.11;4.50;-1.82;-0.64;-0.12;0.32;0.86
-0.87;0.00;0.40;224947;-1.30;-5.00;1.45;-0.73;-0.12;0.36;0.91
-0.87;-0.01;0.25;224948;-0.01;-0.14;-1.48;-0.82;-0.12;0.38;0.82
-0.80;-0.20;0.33;224948;0.66;-1.91;0.78;-0.90;-0.14;0.42;0.79
-0.75;-0.75;0.60;224948;0.54;-5.45;2.68;-0.97;-0.21;0.48;1.47
-0.80;-0.47;0.44;224948;-0.54;2.75;-1.53;-1.05;-0.26;0.52;1.06
-0.82;-0.19;0.38;224948;-0.20;2.83;-0.61;-1.13;-0.28;0.56;0.86
-0.84;0.12;0.25;224948;-0.22;3.08;-1.39;-1.22;-0.27;0.58;0.79
-0.81;-0.00;0.31;224948;0.31;-1.21;0.60;-1.30;-0.27;0.61;0.76
-0.74;0.51;0.27;224948;0.69;5.09;-0.36;-1.37;-0.21;0.64;0.88
-0.86;0.08;0.30;224948;-1.20;-4.23;0.32;-1.46;-0.21;0.67;0.85
-0.83;0.01;0.25;224948;0.34;-0.75;-0.52;-1.54;-0.21;0.70;0.75
-0.82;-0.27;0.35;224949;0.14;-2.84;1.05;-1.63;-0.23;0.73;0.87
-0.73;-0.66;0.52;224949;0.89;-3.89;1.66;-1.70;-0.30;0.78;1.24
-0.80;-0.62;0.50;224949;-0.71;0.42;-0.21;-1.78;-0.36;0.83;1.27
-0.84;-0.22;0.36;224949;-0.41;4.01;-1.44;-1.86;-0.38;0.87;0.88
-0.83;0.12;0.23;224949;0.11;3.36;-1.29;-1.95;-0.37;0.89;0.75
-0.75;-0.08;0.27;224949;0.80;-1.97;0.45;-2.02;-0.38;0.92;0.64
-0.76;0.55;0.26;224949;-0.08;6.28;-0.13;-2.10;-0.32;0.94;0.94
-0.84;0.02;0.33;224949;-0.87;-5.24;0.68;-2.18;-0.32;0.98;0.82
-0.85;0.01;0.22;224949;-0.06;-0.17;-1.04;-2.27;-0.32;1.00;0.77
-0.81;-0.23;0.34;224949;0.45;-2.39;1.16;-2.35;-0.34;1.03;0.82
-0.73;-0.71;0.57;224950;0.72;-4.80;2.31;-2.42;-0.42;1.09;1.37
-0.83;-0.46;0.47;224950;-0.94;2.52;-1.03;-2.50;-0.46;1.14;1.12
-0.83;-0.21;0.35;224950;-0.01;2.53;-1.14;-2.58;-0.48;1.17;0.85
-0.76;0.07;0.38;224950;0.64;2.79;0.22;-2.66;-0.48;1.21;0.73
-0.74;0.03;0.34;224950;0.26;-0.40;-0.39;-2.73;-0.47;1.24;0.66
-0.75;0.56;0.26;224950;-0.12;5.27;-0.78;-2.81;-0.42;1.27;0.94
-0.84;0.05;0.33;224950;-0.85;-5.05;0.74;-2.89;-0.41;1.30;0.81
-0.85;-0.12;0.28;224950;-0.19;-1.76;-0.58;-2.98;-0.42;1.33;0.82
-0.79;-0.40;0.41;224950;0.62;-2.81;1.39;-3.06;-0.46;1.37;0.96
-0.74;-0.67;0.58;224950;0.48;-2.67;1.69;-3.13;-0.53;1.43;1.34
-0.80;-0.45;0.44;224951;-0.51;2.16;-1.45;-3.21;-0.58;1.47;1.03
-0.84;-0.10;0.31;224951;-0.46;3.56;-1.31;-3.30;-0.59;1.51;0.81
-0.82;0.41;0.16;224951;0.21;5.06;-1.46;-3.38;-0.54;1.52;0.87
-0.68;-0.03;0.62;224951;1.41;-4.39;4.62;-3.45;-0.55;1.58;0.85
-0.72;0.59;0.24;224951;-0.41;6.16;-3.89;-3.52;-0.49;1.61;0.92
-0.87;-0.00;0.36;224951;-1.52;-5.88;1.29;-3.61;-0.49;1.64;0.89
-0.86;-0.03;0.22;224951;0.08;-0.30;-1.43;-3.69;-0.49;1.67;0.80
-0.84;-0.23;0.33;224951;0.22;-1.93;1.07;-3.78;-0.51;1.70;0.87
-0.71;-0.87;0.57;224951;1.30;-6.48;2.43;-3.85;-0.60;1.76;1.60
-0.88;-0.36;0.41;224951;-1.65;5.16;-1.61;-3.93;-0.64;1.80;1.06
-0.81;-0.25;0.38;224952;0.63;1.04;-0.27;-4.02;-0.66;1.84;0.87
-0.80;0.13;0.24;224952;0.09;3.84;-1.41;-4.10;-0.65;1.86;0.72
-0.84;-0.08;0.33;224952;-0.34;-2.08;0.84;-4.18;-0.66;1.89;0.82
-0.74;0.55;0.26;224952;0.95;6.25;-0.73;-4.25;-0.60;1.92;0.91
-0.85;0.09;0.34;224952;-1.11;-4.54;0.87;-4.34;-0.59;1.95;0.85
-0.84;-0.01;0.24;224952;0.17;-1.03;-0.99;-4.42;-0.60;1.98;0.76
-0.83;-0.19;0.28;224952;0.02;-1.76;0.40;-4.51;-0.61;2.01;0.81
-0.67;-0.77;0.57;224952;1.61;-5.85;2.91;-4.57;-0.69;2.06;1.38
-0.83;-0.46;0.44;224952;-1.52;3.13;-1.30;-4.66;-0.74;2.11;1.09
-0.81;-0.10;0.34;224952;0.17;3.58;-1.08;-4.74;-0.75;2.14;0.78
-0.84;0.03;0.25;224953;-0.28;1.33;-0.83;-4.82;-0.74;2.17;0.77
-0.82;-0.07;0.27;224953;0.16;-1.04;0.12;-4.90;-0.75;2.19;0.75
-0.78;0.50;0.30;224953;0.43;5.66;0.30;-4.98;-0.70;2.22;0.94
-0.82;0.15;0.28;224953;-0.39;-3.45;-0.15;-5.06;-0.69;2.25;0.77
-0.83;0.03;0.24;224953;-0.12;-1.18;-0.44;-5.15;-0.68;2.27;0.74
-0.83;-0.12;0.30;224953;-0.06;-1.56;0.65;-5.23;-0.69;2.30;0.80
-0.74;-0.67;0.53;224953;0.99;-5.44;2.25;-5.30;-0.76;2.36;1.26
-0.81;-0.45;0.48;224953;-0.76;2.14;-0.42;-5.38;-0.81;2.41;1.10
-0.82;-0.32;0.40;224953;-0.06;1.36;-0.87;-5.47;-0.84;2.44;0.93
-0.79;0.05;0.25;224953;0.23;3.67;-1.51;-5.55;-0.83;2.47;0.69
-0.66;0.57;0.19;224954;1.38;5.18;-0.62;-5.61;-0.78;2.49;0.79
-0.77;0.59;0.29;224954;-1.12;0.27;1.05;-5.69;-0.72;2.52;1.03
-0.84;0.20;0.28;224954;-0.70;-3.97;-0.09;-5.77;-0.70;2.55;0.82
-0.81;0.07;0.27;224954;0.30;-1.26;-0.12;-5.85;-0.69;2.57;0.73
-0.84;-0.08;0.28;224954;-0.31;-1.46;0.11;-5.94;-0.70;2.60;0.79
-0.77;-0.58;0.48;224954;0.71;-5.05;1.99;-6.01;-0.76;2.65;1.16
-0.84;-0.54;0.55;224954;-0.76;0.43;0.73;-6.10;-0.81;2.70;1.31
-0.81;-0.51;0.45;224954;0.34;0.30;-1.01;-6.18;-0.86;2.75;1.12
-0.83;-0.04;0.25;224954;-0.21;4.70;-1.99;-6.26;-0.86;2.77;0.76
-0.89;0.17;0.33;224954;-0.55;2.08;0.79;-6.35;-0.85;2.81;0.93
-0.72;0.04;0.36;224955;1.69;-1.28;0.29;-6.42;-0.84;2.84;0.65
-0.76;0.52;0.26;224955;-0.39;4.78;-1.04;-6.50;-0.79;2.87;0.91
-0.87;0.06;0.35;224955;-1.10;-4.61;0.88;-6.59;-0.78;2.90;0.87
-0.85;-0.05;0.26;224955;0.20;-1.10;-0.89;-6.67;-0.79;2.93;0.79
-0.81;-0.27;0.34;224955;0.36;-2.19;0.80;-6.75;-0.82;2.96;0.84
-0.71;-0.79;0.58;224955;0.96;-5.21;2.38;-6.82;-0.89;3.02;1.47
-0.81;-0.38;0.40;224955;-0.95;4.14;-1.72;-6.90;-0.93;3.06;0.96
-0.85;-0.40;0.43;224955;-0.44;-0.27;0.26;-6.99;-0.97;3.10;1.08
-0.82;0.08;0.24;224955;0.36;4.79;-1.90;-7.07;-0.97;3.13;0.73
-0.79;0.40;0.20;224955;0.28;3.21;-0.36;-7.15;-0.93;3.15;0.82
-0.77;0.53;0.31;224956;0.22;1.37;1.09;-7.23;-0.87;3.18;0.97
-0.84;0.18;0.30;224956;-0.68;-3.55;-0.13;-7.31;-0.85;3.21;0.82
-0.83;0.01;0.23;224956;0.04;-1.69;-0.71;-7.39;-0.85;3.23;0.74
-0.84;-0.16;0.30;224956;-0.07;-1.73;0.69;-7.48;-0.87;3.26;0.82
-0.74;-0.69;0.50;224956;1.02;-5.24;2.04;-7.55;-0.94;3.31;1.27
-0.79;-0.59;0.51;224956;-0.55;0.96;0.12;-7.63;-1.00;3.36;1.24
-0.81;-0.29;0.38;224956;-0.19;2.99;-1.28;-7.71;-1.03;3.40;0.89
-0.79;0.05;0.25;224956;0.18;3.38;-1.33;-7.79;-1.02;3.43;0.69
-0.78;-0.06;0.03;224956;0.17;-1.02;-2.23;-7.87;-1.03;3.43;0.61
-0.73;0.51;0.26;224956;0.45;5.62;2.31;-7.94;-0.98;3.45;0.86
-0.88;-0.11;0.38;224957;-1.50;-6.16;1.22;-8.03;-0.99;3.49;0.93
-0.84;-0.03;0.22;224957;0.41;0.75;-1.56;-8.11;-0.99;3.51;0.76
-0.84;-0.35;0.40;224957;0.03;-3.13;1.71;-8.20;-1.03;3.55;0.98
-0.70;-0.88;0.61;224957;1.36;-5.36;2.19;-8.27;-1.11;3.62;1.65
-0.80;-0.27;0.35;224957;-0.99;6.14;-2.69;-8.35;-1.14;3.65;0.83
-0.84;-0.25;0.38;224957;-0.41;0.14;0.33;-8.43;-1.17;3.69;0.92
-0.81;0.04;0.28;224957;0.27;2.97;-0.95;-8.51;-1.16;3.72;0.75
-0.78;0.74;0.11;224957;0.38;6.98;-1.73;-8.59;-1.09;3.73;1.17
-0.79;0.30;0.46;224957;-0.09;-4.46;3.47;-8.67;-1.06;3.77;0.91
-0.81;0.35;0.19;224957;-0.20;0.54;-2.69;-8.75;-1.02;3.79;0.81
-0.83;-0.05;0.28;224958;-0.21;-3.96;0.93;-8.83;-1.03;3.82;0.76
-0.84;-0.25;0.31;224958;-0.10;-2.08;0.29;-8.92;-1.05;3.85;0.86
-0.71;-0.66;0.49;224958;1.30;-4.07;1.82;-8.99;-1.12;3.90;1.18
-0.83;-0.46;0.46;224958;-1.27;1.97;-0.28;-9.07;-1.17;3.95;1.13
-0.75;-0.22;0.34;224958;0.81;2.44;-1.25;-9.15;-1.19;3.98;0.73
-0.80;0.08;0.26;224958;-0.46;3.05;-0.83;-9.23;-1.18;4.01;0.71
-0.81;0.44;0.22;224958;-0.13;3.52;-0.41;-9.31;-1.14;4.03;0.90
-0.76;0.42;0.33;224958;0.48;-0.14;1.10;-9.38;-1.09;4.06;0.87
-0.80;0.25;0.26;224958;-0.34;-1.71;-0.62;-9.46;-1.07;4.09;0.77
-0.84;-0.01;0.26;224958;-0.41;-2.57;0.01;-9.55;-1.07;4.11;0.77
-0.83;-0.14;0.30;224959;0.05;-1.35;0.34;-9.63;-1.08;4.14;0.80
-0.75;-0.67;0.53;224959;0.79;-5.34;2.36;-9.71;-1.15;4.20;1.31
-0.83;-0.45;0.46;224959;-0.77;2.24;-0.73;-9.79;-1.20;4.24;1.11
-0.80;-0.43;0.43;224959;0.28;0.24;-0.28;-9.87;-1.24;4.29;1.01
-0.81;0.06;0.25;224959;-0.03;4.85;-1.80;-9.95;-1.23;4.31;0.72
-0.79;0.30;0.29;224959;0.14;2.44;0.38;-10.03;-1.20;4.34;0.80
-0.77;0.31;0.41;224959;0.19;0.06;1.17;-10.11;-1.17;4.38;0.86
-0.77;0.36;0.26;224959;0.04;0.53;-1.46;-10.18;-1.14;4.41;0.79
-0.82;0.02;0.30;224959;-0.48;-3.42;0.39;-10.26;-1.13;4.44;0.76
-0.84;-0.12;0.29;224959;-0.21;-1.36;-0.14;-10.35;-1.15;4.47;0.80
-0.79;-0.56;0.47;22500;0.48;-4.41;1.82;-10.43;-1.20;4.51;1.15
-0.80;-0.56;0.55;22500;-0.07;-0.06;0.83;-10.51;-1.26;4.57;1.25
-0.79;-0.47;0.44;22500;0.01;0.96;-1.14;-10.59;-1.30;4.61;1.04
-0.83;0.05;0.27;22500;-0.33;5.18;-1.71;-10.67;-1.30;4.64;0.76
-0.82;0.47;0.07;22500;0.06;4.18;-1.91;-10.75;-1.25;4.65;0.90
-0.73;0.11;0.36;22500;0.93;-3.55;2.86;-10.82;-1.24;4.68;0.67
-0.73;0.61;0.23;22500;-0.07;4.95;-1.27;-10.90;-1.18;4.71;0.96
-0.86;-0.07;0.33;22500;-1.22;-6.74;1.01;-10.98;-1.19;4.74;0.85
-0.84;-0.09;0.27;22500;0.17;-0.27;-0.63;-11.07;-1.20;4.77;0.79
-0.76;-0.46;0.39;22500;0.80;-3.62;1.21;-11.14;-1.24;4.81;0.94
-0.76;-0.70;0.60;22501;0.04;-2.39;2.13;-11.22;-1.31;4.87;1.42
-0.83;-0.45;0.44;22501;-0.72;2.47;-1.64;-11.30;-1.36;4.91;1.08
-0.82;-0.09;0.30;22501;0.07;3.62;-1.46;-11.38;-1.37;4.94;0.77
-0.80;0.12;0.36;22501;0.19;2.07;0.66;-11.46;-1.35;4.98;0.79
-0.71;0.46;0.40;22501;0.92;3.42;0.38;-11.53;-1.31;5.02;0.88
-0.67;0.54;0.19;22501;0.37;0.79;-2.14;-11.60;-1.25;5.03;0.78
-0.80;0.03;0.33;22501;-1.28;-5.09;1.47;-11.68;-1.25;5.07;0.75
-0.86;-0.06;0.27;22501;-0.56;-0.97;-0.60;-11.77;-1.26;5.09;0.81
-0.80;-0.37;0.36;22501;0.60;-3.07;0.85;-11.85;-1.29;5.13;0.90
-0.72;-0.76;0.59;22501;0.75;-3.86;2.35;-11.92;-1.37;5.19;1.45
-0.82;-0.32;0.39;22502;-1.02;4.40;-2.08;-12.00;-1.40;5.23;0.93
-0.84;-0.25;0.37;22502;-0.21;0.71;-0.15;-12.09;-1.43;5.27;0.91
-0.82;0.10;0.27;22502;0.29;3.46;-1.03;-12.17;-1.42;5.29;0.75
-0.81;-0.12;0.23;22502;0.05;-2.18;-0.40;-12.25;-1.43;5.31;0.72
-0.75;0.51;0.26;22502;0.59;6.29;0.28;-12.32;-1.38;5.34;0.89
-0.85;0.10;0.35;22502;-1.00;-4.11;0.94;-12.41;-1.37;5.38;0.86
-0.85;0.00;0.25;22502;0.01;-0.96;-1.02;-12.49;-1.37;5.40;0.78
-0.82;-0.16;0.33;22502;0.26;-1.61;0.87;-12.58;-1.38;5.43;0.82
-0.76;-0.65;0.53;22502;0.65;-4.88;1.99;-12.65;-1.45;5.49;1.28
-0.82;-0.49;0.46;22502;-0.60;1.54;-0.71;-12.73;-1.50;5.53;1.13
-0.81;-0.30;0.41;22503;0.14;1.89;-0.56;-12.82;-1.53;5.57;0.90
-0.83;-0.05;0.30;22503;-0.22;2.54;-1.09;-12.90;-1.53;5.60;0.77
-0.76;0.28;0.38;22503;0.69;3.24;0.80;-12.97;-1.50;5.64;0.79
-0.75;0.18;0.50;22503;0.08;-0.93;1.20;-13.05;-1.48;5.69;0.84
-0.74;0.49;0.21;22503;0.06;3.02;-2.87;-13.12;-1.44;5.71;0.83
-0.81;0.00;0.33;22503;-0.62;-4.84;1.21;-13.20;-1.44;5.74;0.76
-0.85;-0.12;0.28;22503;-0.47;-1.26;-0.48;-13.29;-1.45;5.77;0.82
-0.76;-0.51;0.48;22503;0.90;-3.88;1.94;-13.37;-1.50;5.82;1.07
-0.83;-0.58;0.55;22503;-0.64;-0.67;0.80;-13.45;-1.56;5.87;1.33
-0.79;-0.42;0.44;22503;0.42;1.61;-1.15;-13.53;-1.60;5.92;0.99
-0.82;0.00;0.27;22504;-0.38;4.20;-1.73;-13.61;-1.60;5.95;0.75
-0.90;0.37;0.30;22504;-0.78;3.73;0.37;-13.70;-1.56;5.98;1.04
-0.73;0.18;0.41;22504;1.67;-1.93;1.05;-13.77;-1.54;6.02;0.74
-0.76;0.44;0.26;22504;-0.25;2.55;-1.48;-13.85;-1.50;6.04;0.83
-0.81;0.05;0.30;22504;-0.55;-3.85;0.37;-13.93;-1.50;6.07;0.75
-0.85;-0.08;0.27;22504;-0.37;-1.35;-0.31;-14.01;-1.50;6.10;0.80
-0.75;-0.55;0.49;22504;1.02;-4.68;2.23;-14.09;-1.56;6.15;1.11
-0.84;-0.66;0.55;22504;-0.90;-1.06;0.62;-14.17;-1.63;6.20;1.44
-0.82;-0.54;0.49;22504;0.23;1.19;-0.61;-14.26;-1.68;6.25;1.20
-0.83;0.09;0.18;22504;-0.16;6.32;-3.12;-14.34;-1.67;6.27;0.73
-0.85;0.08;0.16;22505;-0.22;-0.13;-0.14;-14.42;-1.66;6.29;0.76
-0.74;0.46;0.28;22505;1.18;3.81;1.15;-14.50;-1.62;6.31;0.83
-0.83;0.21;0.32;22505;-0.89;-2.55;0.45;-14.58;-1.60;6.35;0.83
-0.85;0.02;0.25;22505;-0.25;-1.80;-0.76;-14.67;-1.59;6.37;0.79
-0.83;-0.10;0.30;22505;0.21;-1.22;0.55;-14.75;-1.60;6.40;0.79
-0.76;-0.61;0.51;22505;0.74;-5.09;2.03;-14.82;-1.66;6.45;1.19
-0.79;-0.41;0.47;22505;-0.32;1.99;-0.32;-14.90;-1.70;6.50;1.01
-0.84;-0.49;0.44;22505;-0.55;-0.84;-0.32;-14.99;-1.75;6.54;1.15
-0.81;-0.06;0.32;22505;0.27;4.27;-1.26;-15.07;-1.76;6.58;0.77
-0.88;0.62;0.01;22505;-0.64;6.84;-3.05;-15.16;-1.70;6.58;1.16
-0.73;0.22;0.44;22506;1.49;-3.97;4.24;-15.23;-1.67;6.62;0.77
-0.77;0.50;0.23;22506;-0.41;2.74;-2.07;-15.31;-1.63;6.64;0.90
-0.83;-0.03;0.36;22506;-0.55;-5.27;1.28;-15.39;-1.63;6.68;0.81
-0.84;-0.09;0.28;22506;-0.16;-0.58;-0.78;-15.47;-1.64;6.71;0.79
-0.82;-0.46;0.44;22506;0.23;-3.74;1.65;-15.55;-1.68;6.75;1.08
-0.77;-0.63;0.57;22506;0.50;-1.69;1.23;-15.63;-1.75;6.81;1.31
-0.82;-0.43;0.42;22506;-0.50;1.98;-1.45;-15.71;-1.79;6.85;1.03
-0.84;-0.15;0.35;22506;-0.19;2.81;-0.76;-15.80;-1.80;6.89;0.84
-0.83;0.17;0.26;22506;0.05;3.22;-0.88;-15.88;-1.79;6.91;0.79
-0.82;0.02;0.26;22506;0.08;-1.55;-0.00;-15.96;-1.79;6.94;0.75
-0.75;0.49;0.28;22507;0.77;4.76;0.23;-16.04;-1.74;6.97;0.88
-0.86;0.09;0.32;22507;-1.15;-4.01;0.39;-16.12;-1.73;7.00;0.85
-0.84;0.18;0.27;225032;0.00;0.00;0.00;-0.08;0.02;0.03;0.81
-0.79;0.21;0.16;225032;0.47;0.26;-1.17;-0.16;0.04;0.04;0.70
-0.78;0.66;0.24;225032;0.17;4.57;0.80;-0.24;0.11;0.07;1.10
-0.86;-0.07;0.39;225032;-0.85;-7.33;1.55;-0.33;0.10;0.11;0.90
-0.88;-0.09;0.23;225032;-0.14;-0.23;-1.57;-0.41;0.09;0.13;0.83
-0.82;-0.40;0.42;225032;0.59;-3.06;1.90;-0.50;0.05;0.17;1.01
-0.79;-0.64;0.59;225032;0.29;-2.41;1.66;-0.58;-0.01;0.23;1.38
-0.79;-0.34;0.42;225032;-0.03;2.96;-1.70;-0.65;-0.05;0.27;0.92
-0.84;0.00;0.26;225032;-0.53;3.46;-1.65;-0.74;-0.05;0.30;0.78
-0.80;0.33;0.24;225032;0.47;3.28;-0.19;-0.82;-0.02;0.32;0.80
-0.76;0.32;0.46;225033;0.39;-0.11;2.24;-0.89;0.02;0.37;0.89
-0.78;0.45;0.16;225033;-0.24;1.31;-2.99;-0.97;0.06;0.38;0.84
-0.84;-0.05;0.28;225033;-0.62;-5.01;1.21;-1.06;0.06;0.41;0.79
-0.86;-0.33;0.35;225033;-0.21;-2.75;0.66;-1.14;0.02;0.45;0.97
-0.70;-0.75;0.58;225033;1.67;-4.29;2.35;-1.21;-0.05;0.51;1.40
-0.83;-0.47;0.47;225033;-1.35;2.88;-1.12;-1.30;-0.10;0.55;1.13
-0.83;-0.06;0.33;225033;0.08;4.06;-1.45;-1.38;-0.10;0.59;0.79
-0.76;-0.20;0.41;225033;0.66;-1.42;0.88;-1.45;-0.12;0.63;0.79
-0.76;0.13;0.31;225033;0.00;3.33;-1.00;-1.53;-0.11;0.66;0.69
-0.72;0.51;0.32;225033;0.36;3.80;0.06;-1.60;-0.06;0.69;0.89
-0.84;0.09;0.35;225034;-1.13;-4.21;0.25;-1.69;-0.05;0.72;0.83
-0.84;-0.06;0.28;225034;-0.06;-1.49;-0.68;-1.77;-0.06;0.75;0.79
-0.83;-0.34;0.38;225034;0.14;-2.82;1.04;-1.85;-0.09;0.79;0.95
-0.77;-0.69;0.59;225034;0.57;-3.48;2.08;-1.93;-0.16;0.85;1.42
-0.84;-0.41;0.44;225034;-0.64;2.77;-1.51;-2.01;-0.20;0.89;1.06
-0.84;-0.20;0.38;225034;-0.08;2.12;-0.61;-2.10;-0.22;0.93;0.90
-0.82;0.14;0.25;225034;0.28;3.41;-1.27;-2.18;-0.21;0.96;0.75
-0.82;0.13;0.33;225034;-0.03;-0.09;0.85;-2.26;-0.19;0.99;0.80
-0.73;0.51;0.27;225034;0.90;3.83;-0.66;-2.34;-0.14;1.02;0.87
-0.85;0.14;0.31;225034;-1.25;-3.79;0.37;-2.42;-0.13;1.05;0.84
-0.84;-0.04;0.29;225035;0.17;-1.74;-0.20;-2.50;-0.13;1.08;0.78
-0.82;-0.35;0.41;225035;0.17;-3.14;1.25;-2.59;-0.17;1.12;0.97
-0.71;-0.71;0.58;225035;1.06;-3.59;1.72;-2.66;-0.24;1.17;1.36
-0.82;-0.32;0.40;225035;-1.08;3.88;-1.79;-2.74;-0.27;1.22;0.94
-0.83;-0.05;0.33;225035;-0.10;2.76;-0.70;-2.82;-0.28;1.25;0.81
-0.87;0.07;0.36;225035;-0.38;1.18;0.22;-2.91;-0.27;1.28;0.89
-0.79;0.21;0.35;225035;0.79;1.42;-0.10;-2.99;-0.25;1.32;0.79
-0.72;0.53;0.29;225035;0.67;3.15;-0.51;-3.06;-0.20;1.35;0.89
-0.85;0.10;0.32;225035;-1.26;-4.28;0.27;-3.15;-0.19;1.38;0.83
-0.84;0.01;0.28;225035;0.12;-0.90;-0.42;-3.23;-0.19;1.41;0.78
-0.81;-0.21;0.32;225036;0.33;-2.22;0.43;-3.31;-0.21;1.44;0.80
-0.72;-0.82;0.64;225036;0.82;-6.09;3.14;-3.38;-0.29;1.50;1.60
-0.82;-0.39;0.46;225036;-0.93;4.27;-1.80;-3.46;-0.33;1.55;1.03
-0.83;-0.18;0.36;225036;-0.13;2.15;-0.98;-3.55;-0.35;1.59;0.85
-0.82;0.09;0.28;225036;0.11;2.73;-0.80;-3.63;-0.34;1.61;0.76
-0.81;0.02;0.30;225036;0.13;-0.72;0.21;-3.71;-0.33;1.64;0.74
-0.74;0.49;0.27;225036;0.70;4.70;-0.28;-3.78;-0.29;1.67;0.86
-0.85;0.13;0.33;225036;-1.14;-3.64;0.56;-3.87;-0.27;1.70;0.84
-0.84;-0.01;0.26;225036;0.12;-1.32;-0.69;-3.95;-0.27;1.73;0.77
-0.82;-0.35;0.42;225036;0.19;-3.47;1.63;-4.03;-0.31;1.77;0.97
-0.71;-0.81;0.65;225037;1.05;-4.62;2.34;-4.11;-0.39;1.84;1.60
-0.83;-0.44;0.42;225037;-1.18;3.72;-2.35;-4.19;-0.43;1.88;1.06
-0.80;-0.04;0.32;225037;0.32;4.06;-1.03;-4.27;-0.44;1.91;0.74
-0.87;0.17;0.36;225037;-0.71;2.08;0.43;-4.36;-0.42;1.95;0.92
-0.76;0.11;0.34;225037;1.08;-0.61;-0.22;-4.43;-0.41;1.98;0.71
-0.72;0.52;0.29;225037;0.45;4.11;-0.49;-4.50;-0.36;2.01;0.87
-0.83;0.08;0.32;225037;-1.11;-4.38;0.28;-4.59;-0.35;2.04;0.79
-0.84;-0.04;0.27;225037;-0.12;-1.27;-0.48;-4.67;-0.35;2.07;0.78
-0.82;-0.41;0.42;225037;0.22;-3.65;1.53;-4.75;-0.40;2.11;1.01
-0.71;-0.83;0.63;225037;1.05;-4.17;2.08;-4.82;-0.48;2.17;1.59
-0.81;-0.34;0.40;225038;-0.94;4.91;-2.29;-4.90;-0.51;2.21;0.92
-0.83;-0.05;0.32;225038;-0.20;2.83;-0.81;-4.99;-0.52;2.24;0.79
-0.84;0.27;0.28;225038;-0.14;3.18;-0.43;-5.07;-0.49;2.27;0.85
-0.71;0.19;0.32;225038;1.31;-0.81;0.43;-5.14;-0.47;2.30;0.64
-0.73;0.52;0.29;225038;-0.21;3.38;-0.29;-5.21;-0.42;2.33;0.89
-0.85;0.01;0.36;225038;-1.17;-5.14;0.71;-5.30;-0.42;2.37;0.85
-0.85;-0.00;0.26;225038;-0.04;-0.14;-1.02;-5.38;-0.42;2.40;0.79
-0.83;-0.44;0.43;225038;0.23;-4.33;1.68;-5.47;-0.46;2.44;1.06
-0.75;-0.67;0.56;225038;0.78;-2.29;1.37;-5.54;-0.53;2.49;1.32
-0.79;-0.44;0.45;225038;-0.45;2.26;-1.14;-5.62;-0.57;2.54;1.03
-0.84;-0.07;0.31;225039;-0.49;3.68;-1.35;-5.71;-0.58;2.57;0.82
-0.83;0.14;0.27;225039;0.08;2.11;-0.47;-5.79;-0.57;2.60;0.79
-0.83;0.05;0.28;225039;0.07;-0.84;0.08;-5.87;-0.56;2.63;0.76
-0.78;0.43;0.33;225039;0.51;3.71;0.58;-5.95;-0.52;2.66;0.90
-0.82;0.21;0.33;225039;-0.41;-2.11;-0.01;-6.03;-0.50;2.69;0.82
-0.82;0.03;0.31;225039;0.01;-1.83;-0.18;-6.11;-0.49;2.72;0.77
-0.83;-0.07;0.31;225039;-0.15;-1.00;-0.05;-6.20;-0.50;2.75;0.79
-0.81;-0.53;0.47;225039;0.18;-4.66;1.56;-6.28;-0.55;2.80;1.16
-0.81;-0.58;0.56;225039;0.05;-0.42;0.97;-6.36;-0.61;2.86;1.30
-0.81;-0.23;0.37;225039;-0.04;3.50;-1.89;-6.44;-0.63;2.89;0.85
-0.82;-0.04;0.32;225040;-0.07;1.81;-0.50;-6.52;-0.64;2.93;0.78
-0.74;0.62;0.17;225040;0.79;6.69;-1.56;-6.59;-0.58;2.94;0.97
-0.76;0.37;0.43;225040;-0.20;-2.50;2.60;-6.67;-0.54;2.99;0.90
-0.76;0.32;0.24;225040;-0.03;-0.57;-1.86;-6.75;-0.51;3.01;0.74
-0.82;-0.03;0.31;225040;-0.57;-3.47;0.64;-6.83;-0.51;3.04;0.77
-0.84;-0.18;0.33;225040;-0.21;-1.48;0.25;-6.91;-0.53;3.07;0.85
-0.74;-0.68;0.54;225040;1.03;-5.05;2.07;-6.99;-0.60;3.13;1.30
-0.83;-0.45;0.50;225040;-0.91;2.29;-0.37;-7.07;-0.64;3.18;1.15
-0.80;-0.28;0.42;225040;0.27;1.76;-0.81;-7.15;-0.67;3.22;0.90
-0.83;0.01;0.28;225040;-0.27;2.84;-1.43;-7.23;-0.67;3.25;0.77
-0.76;0.49;0.19;225041;0.75;4.80;-0.84;-7.31;-0.62;3.27;0.85
-0.78;0.38;0.45;225041;-0.27;-1.08;2.52;-7.39;-0.58;3.31;0.96
-0.78;0.42;0.22;225041;0.01;0.41;-2.22;-7.47;-0.54;3.33;0.84
-0.82;-0.02;0.31;225041;-0.42;-4.41;0.83;-7.55;-0.54;3.37;0.77
-0.83;-0.15;0.32;225041;-0.09;-1.29;0.09;-7.63;-0.56;3.40;0.82
-0.73;-0.57;0.49;225041;1.02;-4.23;1.70;-7.70;-0.62;3.45;1.10
-0.82;-0.61;0.57;225041;-0.88;-0.33;0.83;-7.79;-0.68;3.50;1.36
-0.82;-0.21;0.32;225041;0.04;3.97;-2.49;-7.87;-0.70;3.53;0.81
-0.83;0.03;0.28;225041;-0.20;2.39;-0.44;-7.95;-0.69;3.56;0.77
-0.70;0.46;0.25;225041;1.35;4.33;-0.28;-8.02;-0.65;3.59;0.76
-0.74;0.47;0.31;225042;-0.37;0.09;0.62;-8.10;-0.60;3.62;0.86
-0.81;0.25;0.28;225042;-0.74;-2.20;-0.25;-8.18;-0.58;3.65;0.80
-0.84;-0.02;0.28;225042;-0.29;-2.67;-0.02;-8.26;-0.58;3.67;0.78
-0.81;-0.16;0.31;225042;0.24;-1.40;0.26;-8.34;-0.59;3.71;0.78
-0.69;-0.74;0.56;225042;1.26;-5.87;2.50;-8.41;-0.67;3.76;1.34
-0.80;-0.49;0.48;225042;-1.16;2.53;-0.77;-8.49;-0.72;3.81;1.12
-0.81;-0.07;0.35;225042;-0.01;4.24;-1.35;-8.57;-0.72;3.84;0.77
-0.78;-0.12;0.38;225042;0.22;-0.55;0.38;-8.65;-0.73;3.88;0.78
-0.72;0.12;0.30;225042;0.62;2.44;-0.84;-8.72;-0.72;3.91;0.63
-0.74;0.52;0.30;225042;-0.18;3.93;-0.02;-8.80;-0.67;3.94;0.90
-0.84;0.08;0.33;225043;-0.96;-4.41;0.36;-8.88;-0.66;3.98;0.82
-0.85;-0.06;0.26;225043;-0.18;-1.33;-0.71;-8.97;-0.67;4.00;0.80
-0.83;-0.38;0.43;225043;0.27;-3.24;1.63;-9.05;-0.71;4.04;1.01
-0.74;-0.81;0.61;225043;0.92;-4.32;1.80;-9.12;-0.79;4.11;1.57
-0.85;-0.40;0.42;225043;-1.13;4.18;-1.85;-9.21;-0.83;4.15;1.05
-0.80;-0.10;0.34;225043;0.51;2.91;-0.79;-9.29;-0.84;4.18;0.77
-0.85;0.09;0.28;225043;-0.55;1.94;-0.63;-9.37;-0.83;4.21;0.81
-0.75;0.09;0.24;225043;1.00;0.02;-0.39;-9.45;-0.82;4.23;0.63
-0.73;0.49;0.33;225043;0.22;4.01;0.87;-9.52;-0.77;4.27;0.88
-0.84;0.00;0.37;225043;-1.08;-4.87;0.40;-9.60;-0.77;4.30;0.84
-0.85;-0.08;0.27;225044;-0.13;-0.83;-0.92;-9.69;-0.78;4.33;0.81
-0.82;-0.38;0.42;225044;0.34;-3.05;1.42;-9.77;-0.82;4.37;0.99
-0.75;-0.72;0.63;225044;0.72;-3.38;2.15;-9.85;-0.89;4.44;1.48
-0.84;-0.44;0.44;225044;-0.92;2.85;-1.92;-9.93;-0.93;4.48;1.09
-0.83;-0.10;0.32;225044;0.07;3.38;-1.17;-10.01;-0.94;4.51;0.81
-0.85;0.10;0.29;225044;-0.15;1.95;-0.31;-10.10;-0.93;4.54;0.81
-0.77;0.05;0.28;225044;0.75;-0.50;-0.15;-10.18;-0.93;4.57;0.67
-0.73;0.50;0.30;225044;0.39;4.58;0.27;-10.25;-0.88;4.60;0.88
-0.84;0.04;0.32;225044;-1.09;-4.67;0.17;-10.33;-0.87;4.63;0.81
-0.83;-0.09;0.29;225044;0.10;-1.25;-0.35;-10.42;-0.88;4.66;0.78
-0.83;-0.41;0.42;225045;0.00;-3.27;1.34;-10.50;-0.92;4.70;1.04
-0.71;-0.73;0.62;225045;1.20;-3.15;1.96;-10.57;-1.00;4.76;1.42
-0.83;-0.38;0.42;225045;-1.19;3.53;-1.93;-10.65;-1.03;4.80;1.01
-0.83;-0.18;0.34;225045;0.03;1.97;-0.80;-10.74;-1.05;4.84;0.84
-0.84;0.22;0.25;225045;-0.11;4.01;-0.97;-10.82;-1.03;4.86;0.81
-0.85;-0.09;0.25;225045;-0.13;-3.15;0.04;-10.91;-1.04;4.89;0.80
-0.73;0.56;0.26;225045;1.21;6.58;0.09;-10.98;-0.98;4.91;0.92
-0.86;0.02;0.34;225045;-1.24;-5.46;0.86;-11.06;-0.98;4.95;0.85
-0.85;-0.10;0.28;225045;0.08;-1.14;-0.65;-11.15;-0.99;4.98;0.81
-0.82;-0.34;0.39;225045;0.29;-2.44;1.14;-11.23;-1.02;5.02;0.94
-0.74;-0.70;0.62;225046;0.74;-3.57;2.26;-11.31;-1.09;5.08;1.42
-0.83;-0.38;0.42;225046;-0.82;3.20;-2.00;-11.39;-1.13;5.12;1.00
-0.83;-0.10;0.35;225046;-0.03;2.73;-0.69;-11.47;-1.14;5.15;0.82
-0.83;0.13;0.28;225046;-0.02;2.34;-0.66;-11.55;-1.13;5.18;0.79
-0.83;0.10;0.32;225046;-0.00;-0.30;0.32;-11.64;-1.12;5.21;0.80
-0.73;0.50;0.30;225046;1.07;4.00;-0.12;-11.71;-1.07;5.25;0.87
-0.82;0.13;0.32;225046;-0.94;-3.74;0.18;-11.79;-1.06;5.28;0.79
-0.85;-0.06;0.28;225046;-0.28;-1.83;-0.45;-11.88;-1.06;5.30;0.80
-0.83;-0.35;0.39;225046;0.18;-2.92;1.14;-11.96;-1.10;5.34;0.96
-0.74;-0.70;0.59;225046;0.92;-3.52;1.96;-12.03;-1.17;5.40;1.38
-0.82;-0.49;0.45;225047;-0.81;2.11;-1.41;-12.12;-1.22;5.45;1.11
-0.80;-0.09;0.29;225047;0.18;3.97;-1.54;-12.20;-1.22;5.48;0.74
-0.82;0.15;0.27;225047;-0.20;2.38;-0.21;-12.28;-1.21;5.50;0.77
-0.81;-0.01;0.29;225047;0.10;-1.59;0.14;-12.36;-1.21;5.53;0.74
-0.73;0.54;0.31;225047;0.86;5.53;0.24;-12.43;-1.16;5.56;0.91
-0.85;0.07;0.32;225047;-1.20;-4.67;0.10;-12.52;-1.15;5.59;0.82
-0.84;-0.10;0.28;225047;0.05;-1.72;-0.36;-12.60;-1.16;5.62;0.79
-0.82;-0.37;0.39;225047;0.19;-2.77;1.09;-12.68;-1.20;5.66;0.97
-0.72;-0.72;0.61;225047;0.97;-3.44;2.22;-12.75;-1.27;5.72;1.42
-0.80;-0.29;0.38;225047;-0.77;4.29;-2.32;-12.84;-1.30;5.76;0.87
-0.83;0.04;0.27;225048;-0.23;3.33;-1.09;-12.92;-1.29;5.79;0.76
-0.87;0.46;0.22;225048;-0.45;4.18;-0.51;-13.00;-1.25;5.81;1.02
-0.76;0.20;0.46;225048;1.13;-2.59;2.42;-13.08;-1.23;5.86;0.83
-0.81;0.29;0.31;225048;-0.56;0.87;-1.54;-13.16;-1.20;5.89;0.84
-0.80;0.10;0.28;225048;0.15;-1.91;-0.28;-13.24;-1.19;5.92;0.73
-0.85;-0.09;0.30;225048;-0.47;-1.93;0.21;-13.33;-1.20;5.95;0.82
-0.80;-0.54;0.49;225048;0.49;-4.42;1.84;-13.41;-1.25;6.00;1.16
-0.78;-0.60;0.57;225048;0.18;-0.63;0.82;-13.48;-1.31;6.05;1.29
-0.79;-0.43;0.44;225048;-0.10;1.67;-1.27;-13.56;-1.36;6.10;1.01
-0.82;0.02;0.28;225048;-0.34;4.58;-1.60;-13.64;-1.35;6.13;0.76
-0.84;0.36;0.07;225049;-0.15;3.31;-2.16;-13.73;-1.32;6.13;0.83
-0.72;0.16;0.41;225049;1.19;-1.95;3.42;-13.80;-1.30;6.17;0.71
-0.72;0.46;0.30;225049;0.00;3.04;-1.11;-13.87;-1.25;6.20;0.82
-0.83;-0.01;0.37;225049;-1.10;-4.73;0.71;-13.96;-1.26;6.24;0.82
-0.87;-0.02;0.27;225049;-0.44;-0.08;-0.99;-14.04;-1.26;6.27;0.83
-0.84;-0.35;0.39;225049;0.31;-3.33;1.22;-14.13;-1.29;6.31;0.98
-0.70;-0.77;0.58;225049;1.41;-4.18;1.92;-14.20;-1.37;6.36;1.42
-0.80;-0.41;0.45;225049;-1.03;3.61;-1.39;-14.28;-1.41;6.41;1.01
-0.85;-0.17;0.37;225049;-0.45;2.33;-0.77;-14.36;-1.43;6.45;0.89
-0.81;0.11;0.27;225049;0.38;2.87;-0.99;-14.44;-1.42;6.47;0.75
-0.73;0.74;0.13;225050;0.86;6.25;-1.40;-14.52;-1.34;6.49;1.09
-0.78;0.33;0.43;225050;-0.51;-4.04;3.03;-14.59;-1.31;6.53;0.90
-0.80;0.32;0.24;225050;-0.21;-0.17;-1.97;-14.67;-1.28;6.55;0.79
-0.84;-0.04;0.29;225050;-0.42;-3.55;0.55;-14.76;-1.28;6.58;0.79
-0.85;-0.29;0.36;225050;-0.15;-2.51;0.66;-14.84;-1.31;6.62;0.94
-0.72;-0.63;0.52;225050;1.36;-3.39;1.63;-14.91;-1.37;6.67;1.18
-0.83;-0.43;0.45;225050;-1.15;2.02;-0.74;-15.00;-1.41;6.71;1.07
-0.81;-0.17;0.38;225050;0.27;2.55;-0.68;-15.08;-1.43;6.75;0.82
-0.83;-0.03;0.31;225050;-0.27;1.45;-0.66;-15.16;-1.43;6.78;0.79
-0.70;0.62;0.14;225050;1.35;6.50;-1.71;-15.23;-1.37;6.80;0.90
-0.78;0.29;0.46;225051;-0.78;-3.33;3.17;-15.31;-1.34;6.84;0.90
-0.71;0.41;0.30;225051;0.62;1.17;-1.54;-15.38;-1.30;6.87;0.77
-0.83;-0.02;0.30;225051;-1.14;-4.32;-0.02;-15.46;-1.30;6.90;0.78
-0.83;-0.14;0.30;225051;-0.05;-1.21;-0.03;-15.55;-1.32;6.93;0.81
-0.76;-0.67;0.57;225051;0.75;-5.30;2.73;-15.62;-1.39;6.99;1.36
-0.79;-0.49;0.52;225051;-0.31;1.84;-0.53;-15.70;-1.43;7.04;1.13
-0.81;-0.33;0.41;225051;-0.19;1.66;-1.10;-15.78;-1.47;7.08;0.93
-0.82;-0.04;0.31;225051;-0.07;2.80;-1.03;-15.86;-1.47;7.11;0.76
-0.83;0.23;0.30;225051;-0.15;2.76;-0.03;-15.95;-1.45;7.14;0.84
-0.76;0.21;0.28;225051;0.67;-0.26;-0.18;-16.02;-1.43;7.17;0.71
-0.76;0.48;0.29;225052;0.07;2.77;0.02;-16.10;-1.38;7.20;0.89
